0,-1.0,-0.114,-0.192,1.88,-0.62,0.13,1.031,0.04,0.297,-3.01,-2.9,0.75
50,-1.001,-0.1,-0.186,1.17,0.13,0.79,1.031,0.056,0.3,-3.12,-3.43,0.55
100,-1.006,-0.113,-0.203,-1.33,-0.46,-1.29,1.032,0.051,0.296,-2.87,-2.82,0.4
150,-1.004,-0.093,-0.208,-1.23,-1.13,-1.29,1.03,0.043,0.295,-3.33,-2.56,0.82
200,-1.004,-0.13,-0.191,0.71,-1.37,-0.6,1.03,0.048,0.297,-4.0,-2.93,1.12
250,-0.999,-0.102,-0.2,-1.48,-0.69,-0.53,1.029,0.058,0.309,-2.81,-3.15,0.62
300,-1.003,-0.133,-0.188,0.41,-0.48,0.39,1.031,0.041,0.299,-0.68,-1.8,0.03
350,-1.006,-0.097,-0.196,-1.3,-0.76,1.48,1.031,0.053,0.293,-0.44,-2.66,0.48
400,-1.004,-0.117,-0.193,0.09,0.06,1.42,1.03,0.047,0.291,-2.08,-2.61,0.79
450,-1.009,-0.116,-0.197,-0.27,-0.22,-0.59,1.044,0.048,0.297,-2.55,-3.25,0.64
500,-1.0,-0.12,-0.197,-1.85,-0.7,-0.18,1.028,0.049,0.297,-1.85,-1.84,0.33
550,-0.991,-0.103,-0.193,1.76,-0.24,0.11,1.02,0.038,0.291,-3.45,-2.45,0.89
600,-0.99,-0.118,-0.191,-1.75,-0.13,0.55,1.041,0.05,0.302,-2.81,-2.7,0.68
650,-1.004,-0.111,-0.197,0.43,-0.86,-0.13,1.03,0.059,0.3,0.57,-2.33,-0.02
700,-1.001,-0.127,-0.202,-0.27,-0.56,0.46,1.027,0.049,0.284,-0.24,-2.49,0.61
750,-1.004,-0.09,-0.205,-0.28,-0.98,-0.22,1.028,0.041,0.291,-2.54,-3.04,0.64
800,-1.007,-0.124,-0.191,0.22,-0.61,-0.6,1.033,0.038,0.291,-1.36,-3.03,0.34
850,-0.997,-0.101,-0.2,-1.43,0.36,-0.77,1.036,0.054,0.298,-3.58,-3.41,0.75
900,-0.992,-0.111,-0.198,1.31,0.08,0.29,1.029,0.056,0.302,-1.69,-3.06,1.01
950,-0.989,-0.101,-0.204,-0.19,-0.05,0.06,1.023,0.042,0.291,-1.14,-2.74,0.84
1000,-0.999,-0.109,-0.205,0.19,-1.21,-0.53,1.029,0.032,0.29,-2.85,-2.16,0.67
1050,-0.997,-0.109,-0.204,0.28,-2.21,-1.04,1.03,0.055,0.295,-5.63,-2.46,0.56
1100,-0.996,-0.12,-0.193,2.34,-2.28,-1.4,1.029,0.068,0.298,-4.38,-2.9,1.01
1150,-1.011,-0.128,-0.188,-0.52,-1.03,-1.43,1.037,0.057,0.305,-0.82,-4.73,1.45
1200,-0.997,-0.111,-0.196,0.95,0.68,-0.32,1.021,0.041,0.302,1.83,-3.41,1.05
1250,-0.997,-0.112,-0.205,-0.42,0.13,0.3,1.033,0.038,0.287,-0.14,-1.46,0.32
1300,-0.986,-0.119,-0.205,-0.11,-0.93,-0.05,1.033,0.04,0.274,-4.46,-1.13,0.75
1350,-0.983,-0.113,-0.203,1.37,-2.68,-0.15,1.03,0.05,0.287,-7.87,-1.32,1.29
1400,-1.002,-0.114,-0.199,-0.97,-3.03,-0.24,1.033,0.054,0.292,-6.83,-1.48,1.6
1450,-1.013,-0.142,-0.188,0.92,-2.12,-1.4,1.042,0.049,0.308,-5.96,-3.69,1.37
1500,-1.011,-0.137,-0.184,-2.11,-1.03,0.05,1.019,0.06,0.313,-0.64,-2.82,0.55
-1,0,0,0,0,0,0,0,0,0,0,0,0
0,-0.996,-0.114,-0.181,-1.65,-2.01,-1.46,1.028,0.052,0.295,-1.18,-3.03,0.71
50,-1.011,-0.129,-0.177,-0.16,-2.49,0.11,1.038,0.036,0.28,-0.83,-2.59,0.7
100,-1.005,-0.121,-0.165,-0.07,-1.47,0.66,1.032,0.05,0.281,-2.65,-3.17,0.73
150,-1.023,-0.106,-0.164,2.43,1.15,-0.24,1.028,0.049,0.282,-3.07,-2.12,0.53
200,-0.999,-0.13,-0.17,-1.72,1.92,-1.47,1.047,0.041,0.281,-4.13,-3.27,1.08
250,-0.979,-0.148,-0.2,0.33,0.58,-0.96,1.024,0.062,0.296,-2.22,-3.25,0.71
300,-0.98,-0.111,-0.19,0.5,-1.98,0.91,1.03,0.036,0.28,-1.49,-2.25,0.64
350,-0.993,-0.115,-0.17,1.54,-2.65,0.85,1.032,0.04,0.288,-4.6,-2.9,0.58
400,-1.003,-0.123,-0.172,-1.56,-2.89,-0.45,1.033,0.058,0.291,-3.66,-2.0,0.36
450,-1.014,-0.13,-0.175,0.79,-2.25,-0.15,1.036,0.042,0.277,-2.29,-2.09,0.55
500,-1.007,-0.13,-0.167,0.72,-1.53,0.73,1.029,0.05,0.294,-3.09,-3.64,1.04
550,-1.004,-0.132,-0.167,-0.43,-0.83,0.32,1.034,0.05,0.286,-1.49,-2.5,0.54
600,-1.004,-0.123,-0.169,0.05,-0.06,-0.0,1.036,0.042,0.281,-2.16,-2.87,0.43
650,-1.01,-0.134,-0.162,0.53,0.52,0.5,1.033,0.051,0.285,-3.57,-3.15,0.69
700,-0.999,-0.116,-0.176,-0.18,1.6,0.74,1.031,0.054,0.289,-2.86,-2.75,0.29
750,-0.989,-0.138,-0.192,0.57,0.31,0.17,1.031,0.037,0.284,-1.89,-2.02,0.49
800,-0.99,-0.117,-0.172,0.15,-1.7,0.19,1.033,0.044,0.283,-3.03,-2.91,0.48
850,-1.008,-0.122,-0.169,-0.94,-1.18,0.75,1.034,0.05,0.289,-2.25,-2.84,0.71
900,-1.027,-0.107,-0.166,0.99,0.79,0.19,1.035,0.051,0.286,-2.13,-2.71,0.73
950,-1.011,-0.147,-0.176,-0.2,1.74,-0.84,1.033,0.047,0.287,-1.29,-2.93,0.9
1000,-0.99,-0.143,-0.185,-0.02,0.26,-0.15,1.036,0.048,0.284,-1.52,-2.82,0.53
1050,-0.986,-0.11,-0.171,0.08,-0.25,0.06,1.033,0.037,0.277,-2.37,-2.61,0.53
1100,-0.983,-0.128,-0.184,0.76,-1.02,-0.96,1.022,0.05,0.284,-3.37,-2.7,0.67
-1,0,0,0,0,0,0,0,0,0,0,0,0
0,-1.01,-0.171,-0.169,-2.97,0.08,-0.08,1.027,0.047,0.288,-0.68,-2.51,0.42
50,-0.989,-0.111,-0.188,-1.35,-0.23,0.11,1.033,0.045,0.285,-1.9,-3.2,0.98
100,-0.999,-0.15,-0.183,2.95,-0.17,-0.1,1.035,0.046,0.292,-0.91,-2.66,0.74
150,-0.988,-0.139,-0.184,-1.35,0.02,0.37,1.025,0.054,0.289,-1.46,-2.32,0.44
200,-1.001,-0.126,-0.194,0.7,-0.61,-0.82,1.036,0.042,0.287,-2.88,-2.3,0.64
250,-1.004,-0.156,-0.179,0.31,-0.42,-0.31,1.029,0.054,0.285,-1.31,-2.23,0.32
300,-0.992,-0.135,-0.185,-0.21,-0.17,0.2,1.032,0.04,0.28,-2.94,-2.32,0.77
350,-0.99,-0.127,-0.199,1.86,-0.06,0.46,1.04,0.055,0.287,-3.82,-2.86,0.61
400,-0.989,-0.166,-0.18,2.04,-0.61,1.11,1.031,0.048,0.287,-3.73,-2.22,0.67
450,-0.997,-0.125,-0.193,0.25,-0.22,2.29,1.036,0.045,0.288,-4.57,-2.73,0.87
500,-0.996,-0.158,-0.189,2.4,-1.16,0.5,1.034,0.052,0.296,-3.93,-2.67,0.6
550,-1.006,-0.144,-0.177,-1.17,-1.55,0.98,1.033,0.053,0.29,-2.74,-2.94,0.65
600,-0.997,-0.131,-0.184,0.09,-0.87,-0.46,1.034,0.052,0.292,-2.68,-3.09,0.85
650,-0.983,-0.149,-0.183,-0.59,-1.22,-0.18,1.031,0.056,0.291,-2.48,-2.87,0.4
700,-1.0,-0.122,-0.187,0.01,-0.28,-0.49,1.03,0.041,0.284,-2.71,-2.44,0.68
750,-0.992,-0.156,-0.185,0.14,-1.0,-0.65,1.03,0.052,0.289,-3.84,-2.64,0.56
800,-1.008,-0.129,-0.182,-1.65,-1.93,1.04,1.041,0.055,0.294,-2.17,-3.38,1.03
850,-1.0,-0.159,-0.174,0.8,-0.09,-0.11,1.027,0.057,0.294,-1.17,-2.41,0.36
900,-0.991,-0.126,-0.184,-0.92,-0.77,0.66,1.033,0.033,0.284,-1.55,-2.26,0.55
950,-0.989,-0.139,-0.178,1.47,-0.58,0.6,1.031,0.052,0.287,-3.45,-2.58,0.14
1000,-0.992,-0.146,-0.182,-1.32,-0.36,1.02,1.028,0.053,0.288,-2.61,-1.83,0.12
1050,-1.004,-0.126,-0.187,0.81,-0.99,0.62,1.039,0.046,0.282,-2.52,-2.34,0.53
1100,-1.009,-0.158,-0.178,1.15,-0.23,-0.1,1.027,0.044,0.291,-2.58,-2.89,0.81
-1,0,0,0,0,0,0,0,0,0,0,0,0
