0,-0.954,-0.34,0.18,-0.83,-1.25,0.5,-0.838,0.314,0.493,0.0,0.58,-1.24
50,-0.962,-0.33,0.176,0.19,-0.74,0.44,-0.837,0.317,0.486,-1.32,0.34,-1.31
100,-0.943,-0.311,0.166,0.49,-0.83,0.14,-0.839,0.322,0.483,-0.77,0.12,0.06
150,-0.933,-0.329,0.158,-1.91,-1.93,-0.67,-0.844,0.32,0.477,-1.09,-0.46,0.38
200,-0.945,-0.319,0.168,-3.54,-3.89,1.11,-0.825,0.336,0.492,0.16,-1.2,1.23
250,-0.954,-0.307,0.192,1.46,-3.01,1.27,-0.821,0.324,0.493,-0.29,-1.9,0.3
300,-0.964,-0.34,0.205,1.97,-1.12,0.82,-0.827,0.335,0.513,0.55,-2.59,-0.24
350,-0.956,-0.302,0.176,1.94,-0.07,0.19,-0.834,0.329,0.506,1.11,-1.1,-0.25
400,-0.972,-0.34,0.182,1.79,1.21,-0.74,-0.841,0.339,0.487,1.3,-0.78,-0.74
450,-0.968,-0.32,0.181,-0.05,1.69,-2.65,-0.844,0.322,0.489,1.29,0.2,0.01
500,-0.964,-0.316,0.185,0.05,1.51,-2.11,-0.842,0.311,0.476,-0.77,-1.13,2.52
550,-0.733,-0.25,0.104,9.74,-4.9,-4.61,-0.802,0.343,0.482,3.99,-7.71,7.32
600,0.76,0.519,-0.304,105.58,-88.1,-33.62,-0.652,0.357,0.46,15.14,-20.26,19.32
650,2.0,0.563,-0.671,249.69,-232.9,-23.36,-0.346,0.301,0.158,16.31,-33.66,46.46
700,1.023,-0.428,0.406,249.69,-252.2,211.0,-0.211,0.266,0.28,-1.15,-87.24,61.17
750,-0.247,1.173,1.597,249.69,-252.2,250.7,-0.23,0.096,0.455,-34.8,-121.86,72.6
800,-0.923,1.681,1.182,249.69,-162.45,250.7,-0.225,0.375,1.1,-111.58,-177.02,28.86
850,-1.458,2.0,1.673,239.55,-185.79,168.23,0.367,0.623,2.0,-72.1,-218.63,-80.24
900,-2.0,2.0,2.0,32.59,-167.0,-249.29,-0.152,0.444,2.0,17.87,-215.71,-156.63
950,-1.362,2.0,2.0,-231.31,205.72,-249.29,-1.481,-0.124,1.851,33.12,-154.91,-201.66
1000,2.0,2.0,1.478,-193.37,247.79,-249.29,-1.49,0.649,1.288,165.22,5.43,-120.99
1050,2.0,0.018,-1.62,-100.17,122.85,-249.29,-0.651,-0.335,-0.016,88.0,91.3,-140.7
1100,0.991,0.088,-0.123,10.16,-2.79,12.71,-0.492,0.119,0.111,-169.06,44.1,-39.83
1150,-0.349,0.206,0.22,29.87,0.52,49.35,-0.35,0.24,1.102,-26.07,-24.65,-14.69
1200,-0.917,0.103,0.136,-10.85,-53.59,25.72,-0.517,-0.28,1.028,-52.55,19.0,26.12
1250,-1.122,0.004,0.509,-10.37,-50.21,35.06,-0.379,0.318,1.149,-64.82,23.85,18.5
1300,-1.0,0.214,0.376,-19.48,-32.5,44.66,-0.479,0.195,1.104,-25.52,21.18,29.01
1350,-0.795,0.148,0.417,-20.93,-27.9,61.14,-0.523,0.096,1.01,-46.0,29.77,49.28
1400,-0.799,0.157,0.461,-58.07,-28.75,81.12,-0.501,0.046,1.023,-53.54,43.8,64.22
1450,-0.982,0.175,0.394,-86.42,-36.38,89.15,-0.486,0.091,1.129,-59.72,49.87,69.3
1500,-1.127,0.069,0.51,-117.86,-41.0,84.14,-0.484,0.163,1.149,-41.46,51.52,66.64
1550,-1.296,0.147,0.531,-118.82,-29.71,56.5,-0.526,0.154,1.136,-26.35,48.99,61.01
1600,-1.149,-0.248,0.501,-107.9,-17.35,47.98,-0.601,0.093,1.121,-26.41,50.89,50.19
1650,-1.095,0.045,0.472,-158.25,-12.49,48.13,-0.664,0.228,1.073,-11.88,65.11,50.02
1700,-1.103,0.107,0.425,-114.52,12.74,22.61,-0.655,0.208,0.898,14.68,79.36,42.06
1750,-0.991,0.019,0.389,-89.59,20.57,-4.36,-0.645,0.148,0.731,-1.93,80.82,33.69
1800,-0.941,-0.091,0.351,-86.21,16.42,-3.45,-0.657,0.221,0.725,-12.3,76.85,26.06
-1,0,0,0,0,0,0,0,0,0,0,0,0
0,-0.962,-0.276,0.188,-1.14,0.16,0.02,-0.838,0.297,0.472,1.08,0.04,-0.61
50,-0.969,-0.275,0.19,2.14,-0.05,-0.93,-0.846,0.288,0.479,-0.45,-1.51,-0.78
100,-0.999,-0.263,0.195,1.41,0.73,-1.75,-0.845,0.29,0.482,1.67,-1.46,0.58
150,-0.982,-0.262,0.179,3.86,4.7,-5.07,-0.846,0.29,0.469,0.8,-1.0,0.98
200,-0.967,-0.306,0.175,5.5,0.26,-6.56,-0.828,0.334,0.467,4.43,-4.64,2.04
250,-0.645,-0.163,0.055,17.02,-5.89,-10.63,-0.854,0.242,0.476,-1.31,-8.54,3.83
300,0.495,0.304,-0.142,127.37,-69.48,-13.55,-0.795,0.302,0.46,-2.48,-18.8,12.3
350,1.733,0.133,-0.565,249.69,-159.92,52.56,-0.607,0.333,0.209,-3.13,-43.06,35.28
400,0.473,-0.167,0.198,249.69,-252.2,230.03,-0.306,0.302,0.345,2.77,-84.61,55.11
450,0.152,0.665,0.845,249.69,-248.41,250.7,-0.245,-0.035,0.398,-16.61,-110.13,59.2
500,-1.075,2.0,0.779,249.69,-139.65,250.7,-0.126,0.384,1.081,-65.35,-122.78,42.5
550,-2.0,2.0,1.943,246.3,-161.99,187.44,0.16,0.624,2.0,-90.27,-207.72,-112.39
600,-2.0,2.0,2.0,74.91,-62.14,-249.29,-0.402,0.324,1.94,73.06,-220.21,-148.76
650,-0.23,2.0,2.0,-246.53,180.69,-249.29,-1.491,0.392,1.966,112.55,-147.04,-148.6
700,2.0,2.0,0.423,-162.07,247.79,-249.29,-1.295,0.3,0.862,224.03,-33.6,-112.6
750,2.0,0.801,-0.889,53.8,108.19,-82.69,-0.967,-0.306,-0.123,32.18,65.28,-131.88
800,0.588,0.199,0.12,7.87,1.91,9.67,-0.486,0.427,0.225,-115.54,31.22,-8.48
850,-0.358,0.054,0.038,45.19,-48.7,41.43,-0.431,-0.049,0.996,24.23,-14.54,-8.56
900,-1.062,-0.023,0.714,-12.86,-83.73,69.14,-0.506,-0.082,1.066,-63.48,30.72,30.01
950,-1.346,0.264,0.614,-10.5,-51.45,70.2,-0.58,0.551,1.048,-62.15,41.38,13.0
1000,-1.244,0.146,0.375,-43.58,-31.46,76.61,-0.606,0.092,1.151,-50.53,38.06,12.89
1050,-1.179,0.003,0.406,-75.96,-30.16,64.54,-0.48,0.176,1.252,-88.73,60.66,49.22
1100,-1.229,0.168,0.281,-63.89,-22.53,43.85,-0.413,0.196,1.036,-52.73,62.12,56.76
1150,-1.149,-0.092,0.317,-91.71,-24.46,44.14,-0.469,0.125,0.973,-46.71,55.36,51.64
1200,-1.119,-0.034,0.3,-98.07,-25.53,23.22,-0.534,0.221,1.009,-48.13,51.8,41.09
1250,-1.086,-0.07,0.377,-108.76,-22.24,24.05,-0.599,0.225,0.92,-46.38,58.32,35.41
1300,-1.038,-0.123,0.401,-156.87,-16.99,13.59,-0.6,0.302,0.887,-36.14,58.83,30.46
1350,-0.974,0.114,0.346,-150.72,-11.65,23.87,-0.628,0.272,0.826,-21.63,54.14,19.63
1400,-0.972,0.031,0.412,-118.66,4.31,21.7,-0.675,0.219,0.813,-8.61,51.63,12.18
1450,-0.942,0.023,0.376,-92.65,17.41,9.73,-0.759,0.172,0.781,-19.23,50.59,9.48
1500,-0.965,-0.038,0.329,-61.3,22.55,0.42,-0.768,0.228,0.76,-14.9,50.79,4.98
-1,0,0,0,0,0,0,0,0,0,0,0,0
0,-1.005,-0.199,0.127,1.15,0.09,-1.6,-0.905,0.208,0.404,1.34,-0.98,-0.37
50,-0.991,-0.191,0.097,-0.2,0.98,-1.4,-0.892,0.229,0.399,-0.56,0.86,-0.54
100,-0.985,-0.234,0.11,1.17,-0.88,-0.39,-0.893,0.236,0.392,0.76,-0.51,-0.44
150,-1.003,-0.201,0.121,-1.79,-0.17,-0.06,-0.897,0.232,0.398,-0.42,-0.52,-0.84
200,-0.998,-0.209,0.12,0.66,0.61,0.9,-0.9,0.238,0.404,-1.03,-1.16,-0.1
250,-0.992,-0.196,0.107,-1.23,0.48,0.72,-0.896,0.227,0.41,1.4,-0.06,-0.7
300,-0.993,-0.199,0.118,0.21,0.08,0.5,-0.896,0.231,0.423,-2.16,1.16,-0.25
350,-0.99,-0.185,0.111,0.5,-0.68,0.6,-0.892,0.258,0.401,2.39,0.83,0.55
400,-0.991,-0.193,0.109,1.22,-0.6,-0.17,-0.888,0.233,0.394,-0.52,0.72,-0.53
450,-0.994,-0.198,0.11,0.15,-1.22,-0.35,-0.882,0.233,0.396,0.13,-0.6,-1.01
500,-0.997,-0.218,0.113,2.73,-0.81,0.04,-0.885,0.225,0.395,0.84,-2.1,-0.64
550,-0.995,-0.186,0.109,0.4,-0.53,1.18,-0.893,0.249,0.416,1.44,-2.62,0.32
600,-0.988,-0.192,0.109,3.5,-0.28,0.66,-0.9,0.239,0.4,0.16,-2.16,-0.68
650,-0.987,-0.188,0.117,2.31,-1.21,-1.46,-0.893,0.244,0.407,2.95,-1.79,0.02
700,-0.981,-0.194,0.113,2.63,-2.29,-2.22,-0.894,0.231,0.403,0.31,-2.5,0.17
750,-0.972,-0.174,0.11,7.72,-6.18,-5.91,-0.879,0.21,0.378,1.44,-4.06,1.82
800,-0.394,-0.022,-0.124,32.75,-29.83,-20.33,-0.886,0.22,0.386,-0.39,-10.97,9.63
850,0.985,-0.467,-0.092,149.62,-120.93,-60.32,-0.694,0.236,0.254,11.26,-23.56,25.03
900,2.0,-0.028,-0.669,173.73,-252.2,60.17,-0.747,0.131,-0.002,-9.98,-44.7,62.5
950,1.182,0.244,0.626,249.69,-252.2,250.7,-0.385,0.159,0.305,-29.53,-82.3,81.17
1000,0.63,1.848,1.346,249.69,-252.2,250.7,-0.367,-0.026,0.344,-53.05,-97.42,88.54
1050,-1.031,2.0,0.742,249.69,-246.78,250.7,-0.072,0.48,1.308,-86.64,-147.47,44.06
1100,-2.0,2.0,2.0,249.69,-222.9,100.75,-0.112,0.712,2.0,-89.0,-200.68,-77.12
1150,-2.0,2.0,2.0,86.99,-20.61,-249.29,-0.61,0.927,2.0,132.85,-204.51,-106.87
1200,2.0,2.0,2.0,-168.39,187.02,-249.29,-1.31,0.235,1.281,157.31,-146.56,-75.82
1250,2.0,2.0,0.282,-159.64,247.79,-249.29,-0.976,0.391,0.563,209.64,-17.21,-94.67
1300,2.0,-0.117,-2.0,83.42,75.08,-148.62,-0.784,-0.11,0.132,63.66,14.1,-148.29
1350,1.174,0.514,-0.071,58.24,-102.14,109.47,-0.486,0.413,0.503,-88.23,6.69,-23.16
1400,-0.741,0.555,0.94,73.05,-106.52,158.49,-0.491,0.475,0.732,3.94,-16.94,6.01
1450,-1.325,0.363,1.128,12.4,-103.47,126.74,-0.639,0.068,0.565,-41.27,9.49,21.47
1500,-1.595,0.72,1.007,-66.22,-77.96,81.61,-0.488,0.413,0.887,-96.72,31.96,31.82
1550,-1.45,0.069,0.716,-45.02,-30.11,61.65,-0.474,0.289,1.128,-87.02,27.73,23.33
1600,-1.333,0.441,0.43,-120.7,-18.99,81.99,-0.437,0.232,1.33,-90.76,30.59,29.88
1650,-1.184,0.333,0.437,-96.54,0.99,61.03,-0.549,0.27,1.24,-68.94,48.69,34.7
1700,-1.128,0.138,0.581,-164.37,1.65,16.04,-0.614,0.173,1.088,-42.64,66.03,33.37
1750,-1.007,0.079,0.634,-225.27,10.13,11.68,-0.603,0.209,1.009,-42.64,80.23,30.46
1800,-0.996,0.21,0.516,-183.07,25.71,8.19,-0.59,0.255,0.969,-49.11,83.15,32.97
1850,-0.836,0.146,0.402,-145.84,32.83,-9.37,-0.592,0.329,0.945,-28.4,78.37,28.52
1900,-0.841,-0.072,0.367,-130.54,24.44,-14.68,-0.608,0.296,0.845,-4.38,73.15,18.77
1950,-0.87,0.01,0.285,-114.97,22.95,-11.67,-0.634,0.24,0.762,-14.75,63.07,10.8
-1,0,0,0,0,0,0,0,0,0,0,0,0
