0,-0.967,-0.321,0.071,-7.64,4.57,4.11,-0.868,0.296,0.417,0.94,7.45,4.37
50,-0.967,-0.293,0.064,-6.45,4.44,0.33,-0.875,0.283,0.405,-4.47,7.94,3.32
100,-0.971,-0.327,0.088,-8.62,3.28,1.54,-0.861,0.286,0.414,-1.17,7.84,2.02
150,-0.968,-0.296,0.088,-8.56,4.34,3.16,-0.87,0.277,0.41,-3.42,7.42,3.04
200,-0.975,-0.312,0.078,-5.12,4.81,2.57,-0.854,0.298,0.418,-1.12,7.04,2.2
250,-0.972,-0.299,0.079,-8.73,4.8,2.08,-0.878,0.292,0.413,-2.96,6.1,2.41
300,-0.968,-0.292,0.052,-7.1,4.06,0.81,-0.867,0.304,0.413,-2.93,5.54,2.23
350,-0.944,-0.315,0.059,-10.9,2.38,2.24,-0.848,0.28,0.396,-1.37,5.4,3.3
400,-0.696,0.022,-0.157,11.9,-10.34,2.4,-0.804,0.306,0.373,-1.33,3.04,3.51
450,0.017,-0.05,-0.173,82.67,-75.6,-42.66,-0.65,0.293,0.303,3.46,-5.59,3.93
500,0.978,0.381,-0.29,240.05,-205.12,-52.63,-0.271,0.438,0.104,17.15,-28.45,12.07
550,0.383,-1.59,0.773,176.32,-247.74,53.56,-0.227,0.185,0.241,2.49,-71.85,23.74
600,-0.097,-0.823,1.499,140.31,-247.74,84.58,-0.409,0.199,0.493,-87.34,-80.52,44.49
650,-0.169,-0.524,2.0,194.47,-247.74,115.12,-0.419,0.842,1.105,-108.51,-130.49,17.78
700,-1.045,0.798,2.0,-58.61,-247.74,49.26,-0.007,0.277,2.0,8.8,-203.27,-95.1
750,-2.0,2.0,2.0,-55.25,-158.16,-25.8,-0.013,0.191,1.816,-15.52,-197.27,-157.48
800,-2.0,2.0,1.497,-65.91,38.07,-247.5,-0.446,0.033,1.632,62.84,-160.98,-216.68
850,-1.23,2.0,0.08,-256.91,96.64,-247.5,-0.485,-0.762,0.947,111.58,-110.72,-225.15
900,2.0,2.0,0.234,-67.45,157.54,-247.5,-1.16,-0.414,0.994,51.44,-26.82,-172.15
950,2.0,2.0,-0.685,7.37,169.96,-247.5,-1.654,-0.622,0.77,82.38,21.13,-99.55
1000,2.0,-1.51,1.733,85.61,-15.07,-70.03,-1.423,-0.443,0.935,-73.73,57.95,9.05
1050,2.0,-1.037,2.0,-84.05,-66.77,184.49,0.0,0.0,0.0,-4.55,6.87,3.18
1100,0.4,0.34,2.0,-122.04,64.01,252.49,0.0,0.0,0.0,-119.69,68.62,253.17
1150,-0.931,1.344,1.571,-232.54,106.21,252.49,-0.931,1.344,1.571,-230.18,110.81,253.17
1200,-1.253,1.405,0.862,-256.91,147.17,252.49,-1.253,1.405,0.862,-254.55,151.77,253.17
1250,-0.924,0.471,0.227,-241.53,122.13,192.96,-0.924,0.471,0.227,-239.18,126.73,193.64
1300,-0.789,-0.329,0.116,-199.04,122.46,139.89,-0.789,-0.329,0.116,-196.69,127.06,140.57
1350,-0.877,0.099,-0.117,-130.05,90.24,132.77,-0.877,0.099,-0.117,-127.7,94.85,133.44
1400,-0.899,-0.267,-0.02,-38.53,69.16,70.95,-0.899,-0.267,-0.02,-36.17,73.76,71.63
1450,-0.964,-0.392,-0.048,-49.52,42.74,55.72,-0.964,-0.392,-0.048,-47.17,47.34,56.4
1500,-0.928,-0.28,-0.072,-73.33,25.13,27.23,-0.928,-0.28,-0.072,-70.97,29.73,27.91
-1,0,0,0,0,0,0,0,0,0,0,0,0
0,-0.927,-0.361,0.156,-8.82,3.37,1.51,-0.927,-0.361,0.156,-6.47,7.97,2.19
50,-0.942,-0.343,0.155,-5.63,2.33,1.75,-0.942,-0.343,0.155,-3.28,6.94,2.43
100,-0.928,-0.367,0.182,-7.52,1.03,2.79,-0.928,-0.367,0.182,-5.16,5.63,3.47
150,-0.864,-0.254,0.126,-5.04,0.83,2.49,-0.864,-0.254,0.126,-2.69,5.43,3.16
200,-0.37,0.346,-0.317,50.51,-31.22,-11.54,-0.37,0.346,-0.317,52.86,-26.62,-10.86
250,0.854,0.3,-0.697,201.16,-147.64,-47.71,0.854,0.3,-0.697,203.52,-143.04,-47.03
300,1.351,-1.023,0.42,243.09,-247.74,19.39,1.351,-1.023,0.42,245.44,-243.13,20.07
350,0.993,-1.133,1.737,243.09,-247.74,104.32,0.993,-1.133,1.737,245.44,-243.13,104.99
400,0.823,-0.272,2.0,192.04,-247.74,252.49,0.823,-0.272,2.0,194.39,-243.13,253.17
450,-1.144,2.0,2.0,-67.02,-247.74,252.49,-1.144,2.0,2.0,-64.66,-243.13,253.17
500,-2.0,2.0,2.0,-149.03,51.67,100.18,-2.0,2.0,2.0,-146.68,56.27,100.86
550,-2.0,2.0,0.266,48.9,252.25,-247.5,-2.0,2.0,0.266,51.26,256.86,-246.82
600,0.287,2.0,-0.109,-256.91,62.32,-247.5,0.287,2.0,-0.109,-254.55,66.93,-246.82
650,2.0,2.0,0.781,-113.02,48.76,-247.5,2.0,2.0,0.781,-110.66,53.36,-246.82
700,2.0,2.0,-0.751,-156.86,171.69,-247.5,2.0,2.0,-0.751,-154.51,176.29,-246.82
750,2.0,-2.0,1.188,167.79,149.55,-121.77,2.0,-2.0,1.188,170.15,154.15,-121.09
800,2.0,-0.41,1.885,-31.3,-54.68,149.55,2.0,-0.41,1.885,-28.94,-50.08,150.23
850,1.362,1.034,2.0,-8.21,-42.64,252.49,1.362,1.034,2.0,-5.85,-38.04,253.17
900,-0.108,2.0,2.0,-256.91,20.35,252.49,-0.108,2.0,2.0,-254.55,24.96,253.17
950,-2.0,2.0,0.926,-41.06,200.35,252.49,-2.0,2.0,0.926,-38.7,204.96,253.17
1000,-1.471,0.653,0.005,-256.91,252.25,146.3,-1.471,0.653,0.005,-254.55,256.86,146.98
1050,-1.156,-0.244,-0.731,-234.84,160.28,162.1,-1.156,-0.244,-0.731,-232.49,164.89,162.78
1100,-0.938,-0.224,-0.479,-6.26,76.33,95.1,-0.938,-0.224,-0.479,-3.9,80.93,95.78
1150,-0.826,-0.811,0.239,-13.31,24.18,38.3,-0.826,-0.811,0.239,-10.95,28.79,38.98
1200,-1.053,-0.148,0.345,-79.61,0.58,20.83,-1.053,-0.148,0.345,-77.26,5.18,21.51
1250,-1.094,-0.033,0.277,-34.41,22.08,-8.08,-1.094,-0.033,0.277,-32.05,26.69,-7.4
1300,-0.995,-0.19,0.218,-20.56,26.63,-8.61,-0.995,-0.19,0.218,-18.21,31.24,-7.94
1350,-0.912,-0.246,0.193,-17.78,29.48,3.63,-0.912,-0.246,0.193,-15.42,34.09,4.31
1400,-0.892,-0.246,0.182,-5.14,21.94,4.55,-0.892,-0.246,0.182,-2.79,26.54,5.23
1450,-0.888,-0.343,0.281,-8.98,10.09,5.36,-0.888,-0.343,0.281,-6.63,14.69,6.04
-1,0,0,0,0,0,0,0,0,0,0,0,0
0,-0.957,-0.363,0.101,-5.11,2.96,3.16,-0.957,-0.363,0.101,-2.75,7.56,3.84
50,-0.961,-0.34,0.099,-7.15,3.22,4.26,-0.961,-0.34,0.099,-4.79,7.82,4.94
100,-0.966,-0.375,0.101,-7.56,4.36,1.09,-0.966,-0.375,0.101,-5.21,8.96,1.77
150,-0.946,-0.321,0.069,-8.1,4.6,3.58,-0.946,-0.321,0.069,-5.75,9.21,4.25
200,-0.938,-0.312,0.097,-3.18,1.75,2.01,-0.938,-0.312,0.097,-0.83,6.36,2.69
250,-0.842,-0.289,0.081,0.88,0.31,0.5,-0.842,-0.289,0.081,3.24,4.91,1.18
300,-0.139,0.632,-0.372,69.79,-41.48,-8.19,-0.139,0.632,-0.372,72.15,-36.88,-7.52
350,1.163,0.785,-0.295,215.52,-162.91,-62.8,1.163,0.785,-0.295,217.88,-158.3,-62.12
400,1.212,-1.096,0.415,243.09,-247.74,-34.91,1.212,-1.096,0.415,245.44,-243.13,-34.23
450,0.464,-1.343,1.575,156.73,-247.74,95.86,0.464,-1.343,1.575,159.09,-243.13,96.54
500,-0.037,-0.332,2.0,243.09,-247.74,180.4,-0.037,-0.332,2.0,245.44,-243.13,181.07
550,-0.517,0.557,2.0,121.07,-212.84,195.71,-0.517,0.557,2.0,123.43,-208.24,196.39
600,-2.0,2.0,2.0,-107.45,-176.59,165.98,-2.0,2.0,2.0,-105.09,-171.99,166.65
651,-2.0,2.0,2.0,-192.89,12.81,-247.5,-2.0,2.0,2.0,-190.53,17.41,-246.82
701,-0.919,2.0,-0.744,-256.91,110.97,-247.5,-0.919,2.0,-0.744,-254.55,115.57,-246.82
752,2.0,2.0,-0.61,-154.95,77.46,-247.5,2.0,2.0,-0.61,-152.6,82.06,-246.82
802,2.0,2.0,-0.3,17.29,147.95,-239.46,2.0,2.0,-0.3,19.65,152.56,-238.79
852,2.0,-0.966,1.113,90.52,10.38,-86.24,2.0,-0.966,1.113,92.88,14.98,-85.56
902,1.342,-0.906,2.0,-73.53,-63.79,158.02,1.342,-0.906,2.0,-71.17,-59.19,158.7
952,-0.611,0.597,2.0,-79.41,34.88,252.49,-0.611,0.597,2.0,-77.05,39.48,253.17
1002,-1.497,1.192,1.414,-54.03,188.33,225.36,-1.497,1.192,1.414,-51.68,192.93,226.03
1052,-0.723,-0.413,0.733,-170.03,178.92,147.44,-0.723,-0.413,0.733,-167.67,183.53,148.11
1102,-0.708,0.115,0.208,-203.47,118.49,131.99,-0.708,0.115,0.208,-201.11,123.09,132.67
1152,-0.623,-0.35,0.35,-208.94,66.69,93.08,-0.623,-0.35,0.35,-206.58,71.3,93.76
1202,-0.722,-0.323,0.787,-249.19,37.3,123.95,-0.722,-0.323,0.787,-246.84,41.9,124.63
1252,-0.904,-0.058,0.554,-236.91,55.64,97.82,-0.904,-0.058,0.554,-234.55,60.24,98.49
1302,-0.874,-0.261,0.212,-148.73,67.12,79.09,-0.874,-0.261,0.212,-146.37,71.72,79.77
1352,-0.766,-0.481,0.031,-114.85,61.34,60.46,-0.766,-0.481,0.031,-112.5,65.94,61.14
1402,-0.86,-0.277,-0.097,-115.14,15.7,34.19,-0.86,-0.277,-0.097,-112.78,20.3,34.87
1452,-0.804,-0.216,-0.099,-58.31,23.93,33.28,-0.804,-0.216,-0.099,-55.95,28.53,33.96
1502,-0.927,-0.355,0.022,-8.43,12.26,20.95,-0.927,-0.355,0.022,-6.08,16.87,21.63
-1,0,0,0,0,0,0,0,0,0,0,0,0
