0,-0.995,-0.231,-0.045,-0.93,0.25,0.2,0.198,2.304,-0.504,1.3,-0.08,-1.72
51,-0.993,-0.232,-0.047,-0.93,0.25,0.2,0.038,1.9,0.069,1.35,-0.7,-2.27
103,-0.987,-0.23,-0.049,-0.93,0.25,0.2,-1.152,0.862,0.328,1.24,-0.34,-0.79
157,-0.982,-0.237,-0.053,-0.92,0.25,0.19,-0.725,-1.198,-0.229,2.24,-1.97,-0.69
209,-0.986,-0.234,-0.052,-0.92,0.24,0.19,-1.945,-2.922,1.305,-0.39,-3.25,-0.69
262,-0.983,-0.232,-0.051,-0.92,0.25,0.19,-3.265,-4.906,-1.251,1.38,-3.96,0.02
312,-0.978,-0.234,-0.063,-0.92,0.24,0.18,-15.862,-8.392,-9.628,2.05,-6.36,5.08
362,-1.04,-0.213,-0.232,-0.89,0.26,0.17,-16.304,-41.924,-61.226,-7.76,-41.67,37.41
413,-1.241,-0.526,-0.623,-0.86,0.28,0.17,-250.0,-168.755,-175.018,9.44,-78.15,53.25
465,-1.447,-0.08,-1.012,-0.86,0.31,0.19,-250.0,-250.0,-250.0,67.08,-89.58,40.58
519,-0.853,-0.395,-1.189,-0.85,0.33,0.27,-250.0,-250.0,-250.0,46.75,-96.78,-9.51
571,-0.273,-0.102,-0.868,-0.72,0.46,0.35,129.333,-250.0,-205.887,87.52,-75.23,-24.73
626,0.165,-0.478,-0.29,-0.79,0.31,0.38,249.992,249.992,26.756,-16.02,-40.85,-26.25
678,0.781,-0.358,0.224,-0.88,0.4,0.52,-11.414,249.992,167.313,-61.23,-22.06,5.65
730,1.251,-0.858,0.86,-0.88,0.32,0.61,249.992,249.992,49.759,36.48,38.12,-8.06
782,0.855,-0.707,1.184,-0.85,0.28,0.61,240.547,249.992,107.391,-57.05,58.75,-6.86
833,0.326,-0.994,0.898,-0.96,0.17,0.62,198.7,214.684,103.073,-54.05,61.88,-14.14
886,-0.08,-0.743,0.485,-0.92,0.29,0.66,177.62,137.253,55.893,-58.8,62.07,-12.37
938,-0.562,-0.654,0.286,-0.85,0.21,0.56,10.483,108.505,66.75,-60.03,58.73,-1.57
989,-0.956,-0.541,-0.196,-0.84,0.28,0.48,2.243,52.925,52.521,-36.07,37.08,-0.72
1039,-1.207,-0.382,-0.463,-0.87,0.31,0.42,18.12,-32.982,2.235,-28.08,22.83,0.76
1091,-1.263,-0.239,-0.287,-0.88,0.33,0.35,-66.368,-27.481,-12.283,-24.77,22.51,-0.37
1142,-1.197,-0.069,-0.167,-0.88,0.33,0.33,-16.098,15.678,-21.225,-4.36,17.39,-3.05
1197,-1.027,-0.125,0.191,-0.87,0.3,0.3,3.365,15.671,-8.278,-0.14,7.42,-8.96
1248,-1.008,-0.126,-0.018,-0.89,0.28,0.26,-9.59,7.294,-1.297,2.23,0.93,-7.68
1299,-1.018,-0.168,-0.018,-0.93,0.25,0.27,-4.089,1.228,-0.32,8.2,0.56,-3.13
1353,-1.009,-0.14,0.051,-0.94,0.22,0.27,-3.54,4.768,-4.677,8.88,3.96,-0.5
1405,-0.991,-0.146,0.082,-0.92,0.22,0.25,1.671,3.937,-1.938,8.45,0.66,-0.91
1457,-0.993,-0.136,0.09,-0.91,0.22,0.25,0.031,-1.03,3.624,9.13,-5.03,-1.34
-1,0,0,0,0,0,0,0,0,0,0,0,0
0,-1.014,-0.107,0.017,-0.93,0.23,0.27,-2.502,2.052,-1.137,2.04,-1.08,-0.55
52,-1.01,-0.103,0.013,-0.92,0.22,0.27,-0.183,2.586,-1.114,2.08,0.01,-0.19
106,-1.006,-0.106,0.005,-0.92,0.23,0.26,0.244,1.823,-0.793,1.31,-0.06,-1.09
157,-1.005,-0.111,0.001,-0.91,0.24,0.26,-1.32,0.931,-2.098,1.75,-1.48,-1.74
208,-1.006,-0.112,0.002,-0.92,0.23,0.26,-0.206,-1.381,-3.227,1.25,-2.56,-1.79
260,-1.011,-0.119,0.009,-0.93,0.23,0.26,-2.808,-1.984,-2.449,2.56,-2.46,0.37
311,-1.012,-0.131,-0.0,-0.92,0.24,0.26,-2.953,-2.342,-4.616,3.76,-2.42,0.64
364,-1.008,-0.125,-0.018,-0.89,0.25,0.23,-15.121,-7.202,-10.529,2.04,-5.06,-1.07
417,-0.959,-0.43,-0.068,-0.89,0.26,0.22,-63.377,-16.67,-46.074,8.16,-12.11,-7.24
468,-1.063,-0.293,-0.117,-0.9,0.22,0.22,-42.122,-46.753,-25.986,-1.07,-16.5,4.43
517,-1.205,-0.173,-0.264,-0.93,0.25,0.27,-67.383,-46.944,-81.39,9.51,-31.9,7.92
567,-1.566,-0.534,-1.007,-0.94,0.29,0.32,-250.0,-112.961,-196.663,46.44,-61.66,32.87
620,-1.862,0.284,-1.703,-0.98,0.24,0.25,-250.0,-167.351,-241.982,30.58,-112.48,52.96
672,-0.4,0.103,-1.681,-0.99,0.31,0.33,-250.0,-250.0,-250.0,48.98,-94.31,58.93
724,1.2,0.701,-0.517,-0.64,0.52,0.43,-159.195,-250.0,-250.0,134.24,-92.06,1.73
777,1.498,0.035,0.924,-0.53,0.25,0.42,249.992,237.778,-12.84,-22.87,-46.82,-19.15
828,1.058,-0.843,1.34,-0.69,0.34,0.62,-133.24,221.169,106.033,-91.65,-20.42,-16.71
880,0.786,-0.993,0.863,-0.86,0.33,0.85,211.411,231.728,37.186,35.46,13.04,-22.31
933,0.457,-0.776,0.697,-0.81,0.36,0.91,233.086,239.182,84.229,-81.11,25.7,-4.69
984,0.094,-0.564,0.641,-0.76,0.27,0.86,247.093,175.423,93.811,-34.93,28.24,-12.0
1034,-0.266,-0.719,0.645,-0.77,0.27,0.8,168.411,136.398,105.217,-39.99,33.45,-5.78
1087,-0.671,-0.835,0.582,-0.77,0.33,0.75,80.551,117.821,69.763,-44.78,42.93,-5.64
1139,-0.974,-0.68,0.283,-0.78,0.34,0.71,6.508,104.34,91.156,-19.72,48.06,-11.85
1191,-1.239,-0.473,-0.124,-0.81,0.33,0.64,33.18,61.104,34.63,-19.85,36.91,-8.27
1244,-1.193,-0.337,-0.417,-0.86,0.29,0.5,-5.371,-9.949,-18.135,-16.27,23.96,-3.67
1295,-1.119,-0.195,-0.368,-0.86,0.28,0.45,-7.538,-13.908,-44.563,4.53,11.28,2.18
1346,-1.006,-0.15,-0.24,-0.87,0.27,0.44,-16.304,13.931,-29.877,22.5,7.27,0.36
1398,-0.948,-0.216,0.048,-0.88,0.24,0.44,-16.365,20.859,8.736,6.7,9.34,-0.72
1450,-0.981,-0.221,0.028,-0.88,0.21,0.44,12.665,6.729,16.045,-3.43,10.43,-2.37
-1,0,0,0,0,0,0,0,0,0,0,0,0
0,-0.999,-0.191,0.045,-0.9,0.25,0.36,-1.266,1.045,-0.687,1.61,-0.53,-1.46
54,-0.991,-0.196,0.046,-0.9,0.25,0.36,1.991,0.847,1.526,1.36,-0.75,-2.13
105,-0.979,-0.178,0.019,-0.9,0.23,0.36,3.448,-5.257,-1.442,-0.95,-2.55,-3.17
157,-0.987,-0.194,0.061,-0.89,0.24,0.37,-0.092,-7.362,-1.518,3.18,-1.28,-0.19
209,-1.003,-0.2,0.125,-0.88,0.25,0.36,1.518,-0.473,-1.976,0.07,-3.0,-1.91
260,-1.011,-0.215,0.102,-0.89,0.25,0.36,3.242,2.869,-2.365,1.23,-3.71,-2.9
311,-1.458,-0.486,-0.577,-0.86,0.28,0.3,-107.819,-34.271,-64.774,13.32,-10.41,6.12
364,-1.854,-0.104,-1.408,-0.86,0.3,0.27,-250.0,-208.572,-158.34,16.99,-48.72,29.5
417,-0.796,0.676,-1.827,-0.92,0.15,0.35,-162.521,-250.0,-250.0,9.95,-40.33,-19.96
469,0.782,-0.069,-0.437,-0.94,0.09,0.47,-250.0,-250.0,-250.0,-46.84,-12.28,-6.06
521,0.227,-0.081,1.163,-0.64,0.57,0.55,249.992,-133.614,216.156,98.29,-37.61,-3.33
571,0.436,-0.744,1.92,-0.64,0.56,0.5,249.992,249.992,-15.839,43.07,-79.78,-2.66
622,-0.071,0.204,1.226,-0.72,0.7,0.7,26.459,249.992,80.17,-52.88,-55.03,-19.88
673,0.841,-0.697,0.985,-1.01,0.17,0.83,249.992,249.992,16.602,31.01,25.01,-37.7
724,0.038,-0.676,0.864,-0.91,0.05,0.83,213.303,225.25,88.409,-21.93,50.49,-17.75
777,-0.686,-0.78,0.563,-0.85,-0.01,0.66,148.796,155.861,101.067,-31.43,50.0,-2.44
827,-1.072,-0.759,0.275,-0.84,0.02,0.58,113.716,128.754,82.092,-19.29,48.54,2.66
879,-1.401,-0.61,-0.306,-0.86,0.15,0.5,28.58,91.095,108.383,-26.63,39.17,8.8
929,-1.366,-0.443,-0.599,-0.85,0.18,0.42,7.896,26.169,21.606,-38.37,22.17,11.96
981,-1.152,-0.111,-0.391,-0.85,0.25,0.4,-48.454,-5.043,-16.327,-18.24,16.78,11.95
1030,-1.036,-0.051,0.092,-0.87,0.31,0.38,-24.803,22.316,-21.713,-2.53,13.28,2.56
1083,-0.997,-0.069,0.212,-0.87,0.31,0.37,-15.93,28.809,-5.76,-1.98,6.9,-4.76
1136,-0.961,-0.116,0.011,-0.92,0.2,0.36,-1.724,14.694,-4.715,-5.83,4.43,-9.02
1188,-0.968,-0.158,0.061,-0.93,0.18,0.37,-16.594,8.858,-0.786,3.17,2.85,-4.27
1239,-0.982,-0.108,0.129,-0.93,0.18,0.38,-8.057,8.507,-2.655,8.29,2.95,1.72
-1,0,0,0,0,0,0,0,0,0,0,0,0
0,-0.256,-0.491,0.852,-0.71,0.27,0.79,6.531,-5.753,6.683,1.77,-1.48,1.72
54,-0.299,-0.444,0.874,-0.69,0.26,0.76,8.08,3.479,5.943,2.24,1.69,2.0
104,-0.302,-0.441,0.931,-0.67,0.27,0.73,16.884,14.511,5.569,-0.47,1.75,0.12
157,-0.291,-0.657,1.073,-0.66,0.31,0.78,14.572,39.978,8.224,5.73,-2.39,-1.33
209,-0.442,-0.886,1.072,-0.66,0.37,0.82,-20.927,52.689,7.294,11.2,-3.94,-3.66
264,-0.641,-1.722,1.316,-0.68,0.35,0.96,-111.542,45.57,-4.7,0.32,-26.57,-22.48
317,-1.694,-2.0,0.517,-0.81,0.43,0.99,-250.0,82.848,-54.909,26.91,-52.44,-21.0
374,-2.0,-1.565,-2.0,-0.23,0.31,0.57,-250.0,-100.563,-97.626,126.94,-87.42,1.95
431,0.328,2.0,-2.0,-1.07,-0.3,0.41,-250.0,-250.0,-250.0,81.54,-104.14,-102.59
491,2.0,2.0,2.0,0.25,0.57,0.77,249.992,-250.0,48.79,-2.93,-92.41,-34.71
544,2.0,-2.0,-0.672,-1.17,-0.04,0.83,53.703,249.992,-145.821,-53.45,-52.63,38.53
602,1.328,1.318,-0.061,-0.74,0.46,2.0,249.992,249.992,63.316,-10.7,40.16,21.84
657,1.713,-2.0,1.216,-0.59,0.06,1.02,249.992,249.992,99.884,-58.84,110.85,28.98
712,-0.614,-0.032,-0.066,-0.48,0.27,0.99,228.386,249.992,31.387,-8.44,99.43,38.89
766,-0.917,-1.796,-0.218,-0.51,0.28,0.81,153.915,127.533,17.052,-28.29,92.37,43.38
821,-1.086,-1.454,-0.039,-0.63,0.32,0.68,159.546,-10.994,76.263,-11.19,73.95,25.63
877,-0.933,-1.274,0.36,-0.52,0.19,0.6,93.819,-35.141,43.976,-39.52,50.0,17.04
931,-0.804,-0.758,0.506,-0.55,0.36,0.69,48.683,-35.988,23.682,-0.88,19.17,7.92
986,-0.62,-0.554,0.57,-0.68,0.03,0.68,27.832,-32.188,-2.632,-7.13,0.73,3.49
1036,-0.507,-0.674,0.844,-0.69,0.31,0.74,16.907,-29.068,-8.774,-27.34,-5.36,6.16
1090,-0.522,-0.518,0.793,-0.77,0.3,0.76,16.174,-9.171,-0.13,5.72,-11.22,4.54
1142,-0.488,-0.573,0.758,-0.74,0.27,0.81,24.109,-1.259,8.141,-11.96,-3.36,9.84
1196,-0.469,-0.529,0.756,-0.71,0.27,0.81,11.513,0.71,10.727,10.16,-4.57,5.64
1249,-0.457,-0.526,0.738,-0.69,0.24,0.75,15.442,5.669,4.73,15.34,-1.27,6.49
1302,-0.448,-0.489,0.76,-0.69,0.31,0.72,9.628,11.139,2.083,3.39,1.35,6.53
1352,-0.429,-0.535,0.725,-0.71,0.32,0.73,5.676,10.78,0.885,11.76,-1.03,0.1
1403,-0.401,-0.497,0.707,-0.73,0.25,0.74,9.01,9.148,-0.015,2.91,0.55,-3.07
1455,-0.418,-0.488,0.703,-0.69,0.3,0.74,8.636,6.584,1.747,5.58,3.48,-1.28
1508,-0.423,-0.494,0.714,-0.71,0.25,0.69,14.381,3.944,0.397,9.12,1.69,-1.59
-1,0,0,0,0,0,0,0,0,0,0,0,0
0,-0.461,-0.441,0.779,-0.71,0.28,0.7,17.685,2.052,3.86,-4.06,1.53,1.06
56,-0.427,-0.467,0.752,-0.7,0.31,0.73,11.566,9.666,6.76,4.15,1.85,5.92
106,-0.689,-0.428,0.851,-0.61,0.35,0.77,30.136,14.641,-5.539,9.06,-3.94,1.37
158,-1.041,-1.658,1.269,-0.48,0.73,1.03,-80.719,38.605,-49.339,3.73,-26.91,-1.89
213,-1.432,-2.0,0.05,-0.46,0.44,0.91,-247.948,3.998,-94.872,64.32,-73.84,-51.09
267,-2.0,-1.074,-2.0,0.16,0.5,0.94,-250.0,-187.027,-250.0,119.85,-183.23,-100.95
326,2.0,-0.399,-0.021,-0.81,-0.43,0.65,-250.0,-250.0,-119.53,104.09,-183.89,-131.58
386,2.0,2.0,2.0,-0.43,0.2,0.77,92.278,-250.0,-250.0,40.66,-146.85,-101.62
441,1.168,1.474,0.574,-1.38,-0.58,0.84,71.754,249.992,-79.468,17.66,-19.17,-11.54
496,2.0,-0.959,-0.298,-0.96,0.53,2.0,198.792,249.992,46.951,-124.79,35.97,19.5
551,1.49,-1.107,0.989,-0.75,-0.38,1.41,249.992,249.992,12.665,-8.96,107.69,70.01
605,0.056,-1.364,0.291,-0.37,0.56,1.24,58.853,249.992,8.331,-56.45,121.22,84.99
661,-0.027,-1.426,0.167,-0.43,0.06,0.77,219.765,136.124,52.864,-35.6,127.14,88.31
716,-0.663,-1.588,0.167,-0.36,0.5,0.89,64.896,67.551,65.193,-65.35,103.15,71.37
770,-0.903,-0.699,0.258,-0.5,0.36,0.75,158.463,-13.161,75.439,-41.88,65.68,48.55
827,-0.776,-1.001,0.446,-0.55,0.33,0.71,67.177,-14.0,64.117,-32.88,49.38,32.29
879,-0.681,-0.811,0.439,-0.61,0.32,0.7,30.693,-31.326,18.692,-36.83,26.05,18.36
933,-0.566,-0.714,0.682,-0.61,0.36,0.72,5.699,-33.974,12.024,-10.07,14.48,6.32
987,-0.551,-0.599,0.852,-0.7,0.26,0.69,16.052,-18.448,0.183,-19.78,5.04,6.44
1039,-0.518,-0.507,0.774,-0.73,0.39,0.75,-3.357,-5.493,0.198,7.84,1.99,1.3
1092,-0.451,-0.476,0.727,-0.71,0.31,0.7,14.42,0.465,-1.839,9.34,1.53,-2.05
1143,-0.405,-0.56,0.801,-0.72,0.28,0.71,2.937,2.907,-2.991,5.24,2.53,-5.88
1194,-0.394,-0.441,0.791,-0.74,0.3,0.69,3.456,9.399,1.434,8.81,-0.14,-7.63
1245,-0.348,-0.553,0.809,-0.74,0.26,0.7,18.013,11.94,-1.862,13.44,-4.03,-7.14
1297,-0.35,-0.475,0.769,-0.71,0.29,0.72,-8.278,6.165,0.946,1.73,-0.09,-2.46
1348,-0.364,-0.401,0.744,-0.74,0.29,0.71,8.591,6.599,0.275,9.33,-0.77,-4.05
1400,-0.353,-0.483,0.779,-0.73,0.28,0.73,15.038,4.524,2.922,6.95,-0.79,-3.35
1453,-0.383,-0.465,0.78,-0.72,0.3,0.72,8.644,2.396,4.41,9.13,0.04,-5.0
1503,-0.397,-0.448,0.751,-0.71,0.25,0.69,18.715,7.957,1.854,8.22,0.4,-3.78
-1,0,0,0,0,0,0,0,0,0,0,0,0
