0,-0.977,-0.299,-0.062,-0.92,0.27,0.25,1.511,2.098,-0.267,4.95,-4.0,0.53
52,-0.972,-0.306,-0.059,-0.92,0.27,0.26,0.252,0.877,0.679,3.46,-0.85,-0.31
103,-0.973,-0.361,-0.035,-0.92,0.25,0.25,-25.551,-2.785,4.646,0.13,0.9,0.31
155,-0.988,-0.257,-0.059,-0.91,0.25,0.24,-13.046,-0.053,1.114,0.14,-2.27,1.51
206,-0.996,-0.237,-0.072,-0.9,0.28,0.25,22.972,4.028,-2.037,3.62,-3.8,0.98
258,-0.973,-0.341,-0.049,-0.9,0.27,0.26,2.075,2.953,2.174,0.63,-3.89,0.47
309,-0.964,-0.287,-0.063,-0.91,0.28,0.27,-1.785,-0.137,0.427,0.08,-1.5,0.67
360,-0.954,-0.286,-0.064,-0.92,0.28,0.26,4.303,-0.252,-2.884,1.29,0.63,2.85
411,-0.958,-0.3,-0.079,-0.91,0.3,0.24,-1.152,1.846,-1.366,4.26,-5.87,8.43
462,-0.941,-0.29,-0.148,-0.89,0.28,0.21,14.565,4.051,-0.16,15.85,-15.69,8.98
515,-0.914,-0.378,-0.149,-0.87,0.26,0.13,20.882,2.464,6.584,40.04,-47.34,14.53
567,-0.9,-0.363,-0.099,-1.19,0.21,-0.18,5.119,-4.196,8.537,205.13,-118.93,66.07
616,-0.882,-0.379,-0.03,-1.64,-0.37,-0.84,3.349,-22.728,-3.349,249.99,-102.88,130.35
668,-0.853,-0.414,0.049,-1.9,-0.79,-1.51,46.761,-50.163,46.211,210.23,-164.38,249.99
721,-0.823,-0.406,0.218,-0.4,-0.51,-1.5,-70.885,-72.365,78.537,249.99,-250.0,249.99
773,-0.821,-0.243,0.241,1.2,0.2,-0.2,-136.871,-93.071,59.54,249.99,-250.0,249.99
823,-0.945,-0.102,0.178,1.5,0.35,0.39,-68.214,-23.598,-33.501,-250.0,222.07,-66.15
875,-1.232,0.045,0.037,1.16,1.08,0.46,2.716,-4.944,-27.618,-84.56,-20.27,-123.24
926,-1.334,0.059,0.198,0.45,0.92,0.13,-31.555,-6.104,-0.603,-173.07,131.87,-4.71
975,-1.235,0.088,0.315,1.06,1.32,0.63,62.057,26.123,18.143,-250.0,249.99,-167.61
1026,-1.195,-0.004,0.265,1.33,1.31,0.97,43.587,24.055,3.281,-250.0,249.99,-179.54
1076,-1.158,-0.092,0.158,0.49,1.12,0.77,20.782,31.525,-6.569,-225.09,212.36,-114.42
1127,-1.023,-0.169,0.212,-0.69,0.81,0.37,44.388,27.161,-13.115,-184.81,164.01,-81.58
1178,-0.921,-0.161,0.305,-1.43,0.52,0.0,1.785,24.818,-18.219,-97.25,108.44,-84.49
1228,-0.86,-0.19,0.329,-1.5,0.42,-0.38,15.526,23.033,-15.366,-35.4,94.37,-59.45
1279,-0.855,-0.215,0.27,-1.34,0.21,-0.44,20.996,17.509,-14.854,29.23,19.39,-31.87
1328,-0.874,-0.322,0.212,-1.09,0.03,-0.1,7.248,23.773,-10.925,62.0,-2.12,3.67
1381,-0.885,-0.364,0.045,-0.91,-0.15,0.38,9.201,20.523,-4.135,15.83,19.17,6.77
1435,-0.945,-0.387,-0.026,-0.86,0.02,0.29,14.374,7.21,-4.86,20.01,17.12,-3.64
1485,-0.989,-0.383,-0.014,-0.88,0.13,0.23,-0.038,7.309,-0.641,16.31,4.16,-8.94
1538,-0.97,-0.313,0.042,-0.94,0.13,0.31,5.882,7.568,-2.708,11.81,8.35,-0.39
1590,-0.953,-0.29,0.069,-0.93,0.14,0.32,-10.391,6.92,-2.09,13.57,9.99,1.11
-1,0,0,0,0,0,0,0,0,0,0,0,0
0,-0.974,-0.278,0.039,-0.94,0.16,0.31,0.671,2.663,0.923,4.31,1.91,-0.36
53,-0.972,-0.269,0.038,-0.93,0.14,0.29,-0.732,0.252,0.656,-0.18,0.19,1.3
105,-0.985,-0.266,0.041,-0.93,0.15,0.29,0.488,0.511,-0.992,2.3,-1.92,2.33
155,-1.0,-0.281,0.041,-0.93,0.16,0.3,-0.351,1.633,-0.793,1.67,-1.63,0.84
208,-0.978,-0.278,0.033,-0.93,0.15,0.29,-0.374,1.923,-0.626,-1.67,-2.59,0.42
259,-0.95,-0.279,0.01,-0.92,0.17,0.27,2.342,0.549,-1.289,10.01,-9.61,4.87
310,-0.934,-0.294,-0.005,-0.9,0.16,0.25,2.922,3.075,1.678,37.09,-34.42,18.59
362,-0.842,-0.47,0.029,-1.27,0.23,0.01,-10.406,-0.191,-1.221,210.52,-111.89,39.99
414,-0.844,-0.414,0.059,-1.71,-0.58,-0.71,49.919,-24.178,-0.885,249.99,-74.75,130.08
468,-0.874,-0.257,0.071,-1.93,-1.03,-1.23,77.347,-44.54,17.456,249.99,-194.92,249.99
520,-0.92,-0.289,0.17,-0.41,-0.69,-1.39,-29.35,-55.962,48.286,249.99,-250.0,249.99
573,-0.888,-0.333,0.182,1.19,0.65,-0.15,-60.982,-72.548,53.49,141.24,-250.0,240.28
625,-1.028,-0.245,0.163,1.19,0.52,0.6,-85.716,-29.526,-7.706,-250.0,249.99,-80.14
676,-1.201,-0.069,0.13,1.18,0.88,0.8,24.666,0.389,-28.465,-250.0,249.99,-156.27
727,-1.205,-0.026,0.309,1.29,1.02,0.85,-22.346,3.311,-5.272,-250.0,249.99,-96.57
777,-1.085,-0.03,0.424,1.01,1.38,1.01,-27.847,17.654,6.416,-244.61,249.99,-184.89
829,-1.063,-0.021,0.454,-0.14,0.69,0.81,8.682,34.019,-1.114,-117.34,195.52,-107.98
880,-1.026,-0.039,0.442,-0.99,0.24,0.32,-8.232,51.285,1.381,-76.36,130.39,-46.49
933,-0.91,-0.073,0.284,-1.5,0.07,-0.35,14.343,48.775,-9.651,51.86,96.31,-29.71
986,-0.905,-0.192,0.142,-1.52,-0.07,-0.76,32.509,26.085,-16.8,-10.78,41.82,15.06
1038,-0.881,-0.369,0.141,-1.26,-0.08,-0.6,8.453,20.874,-13.657,22.3,-17.23,13.31
1087,-0.888,-0.421,0.102,-1.01,-0.06,-0.06,5.89,7.919,-4.478,5.85,-15.03,10.7
1139,-0.932,-0.406,0.02,-0.89,0.05,0.4,7.416,4.44,-1.862,5.32,7.55,-0.27
1190,-0.954,-0.362,0.034,-0.93,0.09,0.35,-1.755,-2.502,1.564,7.13,8.09,-15.24
-1,0,0,0,0,0,0,0,0,0,0,0,0
0,-0.989,-0.251,0.059,-0.93,0.14,0.32,1.839,3.38,0.977,3.01,1.1,-2.57
51,-0.985,-0.244,0.052,-0.92,0.14,0.31,1.717,3.448,0.122,1.75,-0.16,-2.52
101,-0.985,-0.251,0.047,-0.93,0.13,0.32,1.801,2.907,-1.297,5.0,-2.14,-2.73
152,-0.994,-0.251,0.05,-0.95,0.12,0.33,1.328,3.365,-0.977,1.21,0.53,-0.29
205,-0.989,-0.231,0.048,-0.94,0.14,0.32,7.362,3.967,-0.725,4.81,0.2,-1.82
257,-0.982,-0.242,0.047,-0.93,0.13,0.31,14.687,2.899,-1.06,3.18,-1.41,-1.35
309,-0.976,-0.262,0.054,-0.92,0.12,0.31,2.762,2.67,0.084,3.55,-2.27,0.42
361,-0.965,-0.247,0.051,-0.92,0.13,0.31,4.387,1.869,-0.496,5.2,-4.75,0.27
412,-0.943,-0.236,0.021,-0.92,0.13,0.27,5.981,1.381,-2.48,13.81,-5.94,2.88
466,-0.897,-0.246,-0.062,-0.95,0.03,0.07,23.773,1.129,-3.067,4.9,-23.39,24.8
519,-0.927,-0.23,-0.056,-1.16,-0.0,-0.36,45.57,-16.655,-1.877,121.99,-94.6,35.26
571,-0.956,-0.317,0.006,-1.58,-0.14,-1.05,20.851,-13.664,-12.611,185.59,-118.48,99.56
624,-0.846,-0.374,-0.032,-1.9,-0.56,-1.61,49.5,-35.866,25.261,249.99,-250.0,231.13
676,-0.861,-0.277,0.053,-0.4,-0.08,-1.64,16.144,-70.061,85.709,249.99,-250.0,249.99
728,-0.889,-0.242,0.304,1.2,-0.21,-0.11,-22.644,-91.141,45.227,100.12,-250.0,15.65
780,-1.04,-0.109,0.427,1.6,0.1,0.7,-32.295,-27.771,-1.152,-250.0,249.99,-11.47
832,-1.056,-0.168,0.444,1.32,0.22,0.93,-17.883,-8.881,-51.292,80.31,137.94,-149.48
883,-1.043,-0.068,0.458,1.08,0.4,0.52,-68.619,-7.858,-12.184,-250.0,179.34,-105.9
936,-1.025,0.026,0.456,0.82,1.25,0.45,33.531,2.281,15.152,-250.0,188.31,-156.46
987,-0.996,-0.056,0.512,0.51,1.22,0.61,-20.233,18.051,9.476,-250.0,188.19,-121.13
1037,-0.975,0.009,0.535,0.21,1.02,0.75,-47.798,38.574,-1.915,-151.09,169.24,-77.11
1089,-1.013,-0.053,0.498,-0.68,0.57,0.54,-9.346,47.379,6.149,-56.69,124.34,-112.6
1140,-0.977,0.009,0.354,-1.31,0.02,0.03,1.884,63.934,-7.05,-88.83,113.06,-40.31
1192,-0.95,-0.097,0.154,-1.44,0.12,-0.58,16.716,42.145,-0.595,39.33,59.56,-35.81
1246,-0.96,-0.211,0.122,-1.3,0.1,-0.62,25.993,28.725,-1.823,40.71,-39.2,-3.56
1299,-0.921,-0.288,0.125,-1.11,-0.09,-0.11,14.74,23.857,-2.838,4.14,-30.44,9.22
1351,-0.884,-0.34,0.094,-1.01,-0.13,0.31,-7.835,7.805,2.022,1.69,5.35,11.78
1402,-0.914,-0.326,0.063,-0.98,-0.0,0.4,7.545,0.969,4.753,2.43,15.72,1.09
1454,-0.972,-0.294,0.045,-0.95,0.07,0.31,-6.905,0.931,12.65,-0.65,8.9,-1.22
1507,-1.002,-0.225,0.053,-0.93,0.08,0.3,-8.362,-0.992,5.768,-7.26,2.24,-3.56
1557,-1.006,-0.188,0.071,-0.93,0.08,0.35,-7.736,3.021,-1.495,-2.33,5.83,-5.29
-1,0,0,0,0,0,0,0,0,0,0,0,0
0,-0.262,-0.42,0.843,-0.73,0.28,0.71,7.996,4.013,-0.229,4.09,-0.76,-0.36
55,-0.25,-0.424,0.848,-0.73,0.28,0.7,7.576,2.449,0.435,4.56,-1.34,-0.64
108,-0.258,-0.417,0.841,-0.72,0.29,0.71,8.507,2.304,0.504,3.16,-2.52,-0.81
158,-0.276,-0.442,0.845,-0.73,0.31,0.72,8.514,3.006,0.893,5.27,-3.1,-3.47
210,-0.285,-0.471,0.85,-0.73,0.3,0.71,5.608,3.372,2.037,6.88,-7.13,-3.59
261,-0.279,-0.465,0.873,-0.72,0.31,0.71,3.716,2.998,2.67,15.88,-14.69,-1.66
314,-0.271,-0.451,0.873,-0.7,0.25,0.71,-2.602,5.318,0.534,23.98,-13.14,0.66
367,-0.264,-0.421,0.814,-0.72,0.28,0.71,-5.959,6.561,2.228,20.08,-11.34,6.03
419,-0.265,-0.505,0.813,-0.76,0.3,0.73,0.961,2.281,2.625,12.91,-10.76,5.7
470,-0.283,-0.465,0.757,-0.7,0.35,0.71,-0.397,0.977,1.396,-15.28,-7.11,8.73
524,-0.28,-0.51,0.749,-0.6,0.36,0.72,-2.083,2.251,-3.868,7.84,-21.03,6.81
576,-0.269,-0.513,0.779,-0.65,0.27,0.7,6.569,4.768,-1.747,22.98,-28.12,16.44
630,-0.206,-0.68,0.862,-0.67,0.34,0.85,4.761,11.337,-1.663,21.66,-38.51,27.47
684,-0.327,-0.538,0.927,-1.27,0.37,0.79,9.445,41.557,10.376,74.4,-32.71,49.51
739,-0.031,-0.397,1.063,-2.0,1.73,-0.5,47.882,50.88,41.924,186.43,11.95,178.58
793,-0.139,-0.788,1.067,-2.0,-1.14,-2.0,34.088,19.341,70.152,249.99,-117.45,249.99
849,-0.332,0.439,0.574,2.0,1.66,-1.47,-17.975,-32.074,126.816,240.55,-250.0,249.99
906,0.199,-0.287,0.747,-2.0,-2.0,1.6,-73.326,-35.789,157.12,-53.19,249.99,-250.0
962,-1.289,-0.608,0.183,1.92,2.0,-0.91,161.301,-13.039,10.178,-55.64,-86.81,-23.08
1019,-0.523,-0.327,1.585,-0.1,0.17,-0.02,-144.287,-105.125,12.306,7.58,-28.48,31.49
1075,-0.809,0.243,1.192,0.54,1.41,0.57,86.288,8.995,10.59,-126.05,94.77,28.08
1128,-0.423,-0.484,0.927,1.02,1.18,0.5,37.666,19.417,-3.876,-152.31,221.95,-20.7
1184,-0.55,-0.23,0.95,1.05,0.97,0.86,19.699,7.385,-28.687,-250.0,249.99,-80.23
1241,-0.184,-0.284,0.913,0.57,1.1,1.05,-15.663,12.901,-56.702,-206.17,249.99,-61.38
1298,-0.233,-0.298,0.884,-0.33,0.57,0.67,-0.496,2.96,-59.753,-82.59,202.0,-93.48
1354,-0.164,-0.335,0.884,-0.71,-0.07,0.35,-6.775,6.622,-46.509,-92.38,134.41,-79.56
1409,-0.185,-0.289,0.816,-0.84,0.21,0.25,4.951,-2.151,-26.665,-82.92,79.54,-30.38
1463,-0.227,-0.328,0.859,-1.18,0.11,0.32,18.059,-10.132,-8.369,-10.68,18.49,-24.17
-1,0,0,0,0,0,0,0,0,0,0,0,0
0,-0.304,-0.333,0.898,-0.75,0.23,0.68,5.592,4.181,-0.214,2.51,-3.32,-0.63
54,-0.299,-0.345,0.866,-0.76,0.23,0.68,8.575,5.829,-0.809,3.93,-4.98,0.18
107,-0.292,-0.33,0.878,-0.78,0.23,0.69,2.533,2.586,-1.122,3.31,-5.04,-0.72
161,-0.298,-0.304,0.881,-0.78,0.23,0.7,5.493,2.464,0.725,1.14,-1.52,-0.77
212,-0.284,-0.343,0.866,-0.77,0.24,0.69,8.041,2.693,-0.534,2.46,0.38,-0.17
261,-0.282,-0.34,0.873,-0.75,0.23,0.69,6.332,0.748,0.732,2.3,-0.5,0.53
313,-0.287,-0.339,0.86,-0.73,0.24,0.68,9.46,0.29,0.343,3.01,-3.51,0.33
362,-0.295,-0.362,0.868,-0.74,0.23,0.68,8.148,-2.708,0.496,2.96,-6.24,-0.68
413,-0.304,-0.339,0.842,-0.74,0.27,0.69,8.484,-1.404,-1.083,6.13,-7.95,0.41
467,-0.3,-0.375,0.823,-0.73,0.26,0.67,8.369,0.45,-1.778,10.5,-11.75,0.67
520,-0.262,-0.434,0.833,-0.76,0.23,0.61,8.858,0.45,-1.816,18.58,-19.45,9.77
573,-0.237,-0.604,0.881,-0.79,0.27,0.6,-1.74,6.981,-0.832,37.05,-40.75,23.27
625,-0.336,-0.536,0.945,-1.35,0.16,0.57,-3.708,17.166,8.842,75.21,-68.76,53.48
676,-0.24,-0.512,0.964,-2.0,1.59,-0.64,19.455,28.473,7.889,181.68,-84.38,197.55
731,-0.203,-0.6,1.085,-2.0,-1.77,-1.89,-27.458,-29.358,33.028,249.99,-165.35,232.5
789,-0.24,0.542,0.748,2.0,2.0,-0.2,-34.233,-26.726,56.427,160.39,-250.0,249.99
844,0.401,-0.71,1.193,-2.0,-2.0,2.0,-69.984,-16.457,96.451,198.49,249.99,-250.0
901,-1.021,-0.203,0.237,2.0,2.0,-0.6,139.458,43.594,16.991,-238.74,75.14,12.08
956,-0.215,-1.09,1.037,0.2,0.45,0.24,-44.609,-53.535,-5.157,51.12,-51.89,38.48
1011,-0.577,0.393,1.182,0.66,1.04,0.54,-22.942,-15.068,-0.359,-195.72,128.67,5.78
1066,-0.258,-0.38,0.944,1.03,1.07,0.63,76.66,35.072,-9.537,-178.25,211.43,-46.03
1121,-0.29,-0.426,0.906,0.84,0.67,0.92,4.257,4.158,-4.753,-191.8,245.35,-75.04
1177,-0.282,-0.159,0.763,0.27,0.54,0.91,-13.893,0.298,-13.863,-250.0,243.16,-43.91
1232,-0.321,-0.277,0.813,-0.6,0.55,0.61,23.468,-3.853,-9.109,-155.74,198.11,-55.39
1290,-0.355,-0.338,0.882,-1.22,0.23,0.23,38.269,-6.363,-10.223,-59.72,117.58,-54.9
1345,-0.371,-0.328,0.913,-1.48,0.43,0.2,32.516,-5.608,-18.311,-33.71,60.75,-30.62
1400,-0.317,-0.353,0.967,-1.36,0.45,0.26,29.083,-5.417,-24.62,-20.71,31.05,-35.04
1455,-0.258,-0.421,1.027,-1.06,0.43,0.35,8.087,1.167,-15.32,-5.27,13.5,-17.59
-1,0,0,0,0,0,0,0,0,0,0,0,0
