0,-0.946,-0.345,0.119,1.16,0.24,2.28,-0.845,0.31,0.501,1.43,-2.35,2.48
50,-0.948,-0.335,0.12,1.78,-0.21,0.57,-0.837,0.319,0.501,-0.2,-0.15,1.55
100,-0.931,-0.363,0.124,1.1,-0.52,0.06,-0.833,0.313,0.486,-1.16,-1.22,0.04
150,-0.939,-0.358,0.115,0.9,-1.44,0.63,-0.844,0.3,0.489,-4.31,-1.73,0.42
200,-0.959,-0.356,0.122,0.49,-2.13,1.87,-0.854,0.333,0.502,-1.61,-1.22,0.88
250,-0.959,-0.34,0.124,1.2,-1.16,2.74,-0.854,0.273,0.475,3.14,-1.21,0.9
300,-0.955,-0.341,0.133,-0.25,-0.64,1.6,-0.821,0.293,0.491,-2.09,-0.8,1.97
350,-0.926,-0.339,0.116,0.09,0.26,1.74,-0.798,0.268,0.474,-2.93,-2.49,1.59
400,-0.94,-0.339,0.077,3.35,-2.25,1.87,-0.699,0.241,0.421,-10.07,-7.95,3.53
450,-0.97,-0.313,0.041,6.24,-5.37,0.56,-0.37,-0.106,0.174,-55.63,-43.97,13.99
500,-0.889,-0.293,-0.022,9.45,-1.81,1.43,-0.041,0.025,0.127,-99.22,-105.11,19.05
550,-0.694,-0.305,-0.085,17.42,-7.48,-1.69,0.321,0.032,0.083,-151.87,-181.08,8.16
600,-0.782,-0.507,0.147,10.24,-13.24,-14.65,0.548,0.824,0.602,-149.37,-249.62,-50.02
650,-0.672,-0.696,0.191,10.97,19.23,-18.08,0.199,0.715,1.945,-188.19,-249.62,-131.4
700,-0.571,-0.962,0.259,6.63,4.89,3.85,-1.337,0.03,2.0,-101.57,-179.64,-115.58
750,-0.706,-0.502,0.433,47.13,-86.39,28.13,-2.0,-1.532,2.0,-27.23,-171.16,-21.63
800,-1.505,0.127,0.657,65.21,-138.2,67.91,-2.0,-2.0,2.0,138.94,-185.12,251.08
850,-1.101,-0.329,0.704,-41.27,-74.49,87.91,-1.316,-2.0,0.498,246.89,-63.38,251.08
900,-1.284,0.473,-0.108,-77.24,8.85,51.75,2.0,-2.0,-0.966,199.88,10.73,251.08
950,-0.629,-0.613,0.41,-66.56,17.57,42.95,2.0,-1.571,-0.8,-1.15,160.29,149.17
1000,-0.831,0.097,0.145,-60.88,-14.22,16.41,2.0,0.559,0.275,-41.42,45.14,47.27
1050,-0.972,-0.131,0.745,-28.72,-33.38,4.62,1.355,0.149,1.289,-21.55,-18.89,-87.77
1100,-1.167,0.43,0.457,-22.36,-29.97,16.42,0.711,-0.699,1.915,-62.2,55.86,-127.29
1150,-1.375,0.202,0.412,61.99,-8.27,2.12,0.431,-0.423,1.977,71.07,127.49,-175.61
1200,-1.125,-0.136,0.507,8.25,7.79,-42.32,-0.017,-0.914,1.506,119.68,158.69,-231.86
1250,-1.111,0.126,0.588,0.64,37.53,-44.6,-0.342,-0.146,1.359,192.25,173.53,-209.9
1300,-0.945,0.042,0.562,31.96,67.42,-49.92,-0.707,-0.393,0.721,197.8,164.92,-193.59
1350,-0.766,-0.358,0.585,25.4,61.76,-32.51,-0.766,-0.085,0.446,205.3,128.48,-133.54
1400,-0.668,-0.201,0.282,4.49,60.74,-9.91,-0.855,0.066,0.172,185.55,91.48,-109.81
1450,-0.75,-0.293,0.195,57.71,39.8,-3.39,-0.913,-0.135,0.037,103.08,40.85,-78.85
1500,-0.771,-0.473,0.224,70.81,27.45,-15.31,-0.991,0.079,0.183,39.85,11.05,-57.36
1550,-0.845,-0.606,0.289,31.51,11.4,-13.38,-0.959,0.117,0.326,53.11,-10.95,-31.16
1600,-0.934,-0.491,0.223,6.57,7.77,-6.73,-0.996,0.101,0.391,18.12,-11.24,-10.0
-1,0,0,0,0,0,0,0,0,0,0,0,0
0,-0.959,-0.298,0.113,1.77,2.88,0.17,-0.845,0.249,0.493,-0.26,3.31,0.58
50,-0.949,-0.307,0.106,0.94,2.27,-0.05,-0.849,0.234,0.484,-0.19,1.34,-0.38
100,-0.953,-0.311,0.088,2.13,-1.41,0.17,-0.849,0.268,0.484,-0.18,-0.7,1.34
150,-0.974,-0.322,0.102,1.11,-1.77,-0.17,-0.868,0.273,0.501,0.84,-1.37,-0.39
200,-0.977,-0.312,0.114,-0.0,-1.49,-0.27,-0.859,0.252,0.506,-0.13,0.64,-1.49
250,-0.965,-0.301,0.117,0.74,0.42,0.81,-0.845,0.25,0.499,-0.73,1.25,-1.75
300,-0.963,-0.297,0.118,3.64,1.0,0.5,-0.845,0.242,0.49,0.02,-0.86,-0.68
350,-0.963,-0.318,0.116,-0.31,0.38,0.76,-0.852,0.243,0.491,-0.69,-2.44,0.28
400,-0.967,-0.289,0.095,3.3,-1.19,0.61,-0.87,0.274,0.496,0.17,-1.64,-0.2
450,-0.969,-0.337,0.129,-0.74,-1.39,-0.01,-0.864,0.255,0.502,-1.29,0.14,-1.34
500,-0.973,-0.284,0.109,-1.05,-0.26,0.1,-0.87,0.25,0.492,-2.99,0.32,0.03
550,-0.971,-0.311,0.117,2.16,0.15,0.23,-0.844,0.244,0.495,-2.43,-0.63,0.8
600,-0.948,-0.308,0.094,-1.58,-0.4,-0.87,-0.823,0.226,0.481,-4.46,-1.22,-0.1
650,-0.907,-0.244,0.045,3.08,-4.1,-2.95,-0.477,0.037,0.271,-19.89,-11.7,-1.36
700,-0.853,-0.324,0.053,-5.02,-5.18,-5.63,0.177,-0.106,-0.045,-80.67,-80.83,18.97
750,-0.792,-0.343,-0.081,4.04,-5.01,-12.16,0.702,0.587,0.069,-134.06,-206.23,6.39
800,-0.728,-0.855,0.077,-6.07,3.83,-9.79,0.467,0.995,1.135,-155.46,-249.62,-43.55
850,-0.701,-0.249,-0.021,79.76,-45.88,10.56,-1.609,0.584,2.0,-143.56,-249.62,-146.12
900,-0.645,-1.006,0.69,80.83,-117.62,-10.34,-2.0,-2.0,2.0,-119.4,-249.62,-50.53
950,-1.513,-0.17,0.703,-80.2,-77.33,63.08,-2.0,-2.0,1.2,186.19,-167.36,251.08
1000,-1.055,0.077,0.37,-31.11,-20.35,82.72,0.395,-2.0,-1.301,36.19,-108.27,251.08
1050,-0.705,-0.353,-0.029,-74.81,15.9,68.01,2.0,-2.0,-0.286,172.96,-140.37,251.08
1100,-0.732,0.043,0.279,-45.07,-21.08,56.91,2.0,-1.527,-0.359,16.22,197.53,147.86
1150,-0.975,-0.51,0.704,-43.96,-39.4,14.91,2.0,2.0,1.485,-28.79,73.58,-14.11
1200,-1.314,0.44,0.48,-61.94,-28.77,15.15,1.165,-0.866,1.235,-2.22,40.14,-183.08
1250,-1.308,0.372,0.423,49.31,-6.4,0.8,0.699,-0.578,1.941,60.77,102.26,-241.1
1300,-1.255,0.152,0.31,32.99,11.04,-22.17,-0.243,-1.178,1.479,172.26,106.81,-248.91
1350,-1.135,-0.018,0.434,-5.74,25.91,-43.51,-0.577,-0.429,1.313,165.55,145.19,-248.91
1400,-0.958,-0.033,0.437,20.3,34.37,-46.62,-0.873,-0.196,0.756,114.09,155.07,-208.81
1450,-0.918,-0.214,0.544,10.99,37.42,-44.68,-0.847,0.227,0.723,148.37,126.16,-148.21
1500,-0.73,-0.123,0.38,-8.11,46.48,-29.37,-0.843,-0.236,0.451,201.44,111.94,-125.3
1550,-0.717,-0.266,0.312,38.83,30.67,-16.22,-0.94,-0.264,0.192,77.91,80.15,-78.79
1600,-0.835,-0.483,0.274,41.38,19.67,0.6,-0.821,0.107,0.193,53.67,25.93,-43.33
1650,-0.906,-0.399,0.229,27.26,17.57,8.24,-1.002,0.083,0.293,49.05,-5.98,-19.47
-1,0,0,0,0,0,0,0,0,0,0,0,0
0,-0.967,-0.322,0.186,-3.03,-0.16,0.71,-0.832,0.231,0.601,-0.0,-1.66,-0.89
50,-0.976,-0.259,0.154,3.27,0.34,1.55,-0.825,0.185,0.578,-0.51,0.35,0.48
100,-0.965,-0.32,0.16,0.15,0.77,-0.91,-0.813,0.216,0.585,-2.84,0.5,-0.11
150,-0.947,-0.29,0.143,-2.01,-0.76,-0.54,-0.799,0.19,0.565,-2.48,-2.08,-1.5
200,-0.926,-0.305,0.148,1.02,-0.4,0.55,-0.76,0.15,0.51,-9.51,-6.82,-0.87
250,-0.903,-0.288,0.109,2.02,-2.93,1.43,-0.579,0.01,0.375,-23.68,-27.54,1.71
300,-0.889,-0.342,0.137,1.02,-1.48,-0.61,-0.227,0.017,0.193,-70.37,-77.78,18.33
350,-0.853,-0.395,0.06,2.84,4.75,-8.67,0.059,0.301,0.149,-107.29,-146.75,8.61
400,-1.165,-0.76,0.25,-20.02,9.61,-15.12,0.127,0.957,0.858,-173.1,-218.69,-19.04
450,-0.831,-0.191,-0.148,63.97,-2.77,1.94,-0.729,1.065,1.694,-80.92,-243.87,-69.89
500,-0.606,-0.446,0.381,107.25,-80.98,-47.88,-2.0,-0.336,2.0,-127.26,-249.62,-166.97
550,-1.127,-0.272,0.533,-50.0,-93.18,-30.09,-2.0,-2.0,2.0,137.48,-113.9,251.08
600,-0.755,-0.343,0.427,-52.76,-41.24,12.92,0.576,-2.0,-1.399,-2.46,-112.28,251.08
650,-0.971,0.065,-0.405,56.41,12.11,60.59,2.0,-2.0,-0.075,246.89,-249.62,251.08
700,-0.335,-0.649,0.906,-98.9,-47.54,76.58,2.0,-1.057,0.1,-134.22,209.49,197.9
750,-0.961,-0.206,0.289,-8.44,-31.0,1.02,2.0,0.506,0.343,5.19,130.32,-7.63
800,-1.135,-0.319,0.605,-75.93,-29.55,-3.49,1.478,0.499,1.185,-26.15,79.5,-116.71
850,-1.156,0.216,0.478,-23.16,-16.17,3.09,0.353,-0.809,1.348,21.41,86.94,-185.85
900,-1.13,-0.101,0.42,54.33,2.43,9.64,0.38,-0.225,1.618,34.45,124.8,-201.87
950,-1.0,-0.269,0.527,15.02,18.25,1.87,-0.26,-0.889,1.408,149.87,122.49,-242.06
1000,-1.076,-0.082,0.483,4.83,37.84,-14.7,-0.473,-0.216,1.205,65.97,114.94,-181.52
1050,-0.917,-0.11,0.471,-5.52,56.39,-26.17,-0.896,-0.166,1.197,192.55,107.5,-149.68
1100,-0.754,-0.341,0.443,-0.78,43.47,-20.04,-0.984,-0.145,0.742,176.08,104.86,-100.97
1150,-0.82,-0.152,0.272,15.13,30.19,1.48,-0.872,-0.077,0.379,112.18,102.71,-86.25
1200,-0.813,-0.409,0.274,39.49,13.93,11.66,-0.911,-0.01,0.231,49.95,55.02,-38.1
1250,-0.895,-0.378,0.223,36.7,28.38,3.64,-0.919,0.296,0.316,68.28,20.09,-25.27
1300,-0.893,-0.461,0.205,45.41,30.14,-4.52,-0.935,0.169,0.397,70.4,7.8,-8.3
1350,-0.851,-0.566,0.22,1.31,26.73,1.7,-0.855,0.21,0.446,33.03,13.33,-7.34
-1,0,0,0,0,0,0,0,0,0,0,0,0
0,-0.935,-0.426,0.061,-2.57,0.53,1.5,-0.841,0.289,0.481,-1.93,1.72,1.18
50,-0.932,-0.406,0.052,-0.52,0.56,1.7,-0.853,0.293,0.478,-3.8,0.18,1.89
100,-0.92,-0.399,0.055,-2.38,0.99,1.37,-0.857,0.286,0.496,1.16,0.16,3.53
150,-0.913,-0.396,0.043,-2.58,-0.16,-1.35,-0.849,0.3,0.487,0.82,0.91,3.34
200,-0.925,-0.447,0.048,-1.46,-2.07,-0.51,-0.834,0.294,0.471,-0.15,1.63,0.42
250,-0.939,-0.411,0.038,-0.12,-1.74,1.14,-0.83,0.305,0.456,-1.67,0.59,-1.36
300,-0.926,-0.445,0.057,1.81,-0.68,1.18,-0.86,0.283,0.45,-0.79,-2.36,-1.71
350,-0.936,-0.411,0.057,-4.89,-0.86,-0.03,-0.889,0.288,0.482,-1.4,-2.95,-0.63
400,-0.923,-0.414,0.047,-1.61,1.43,-4.02,-0.869,0.284,0.509,0.07,-0.44,1.66
450,-0.91,-0.446,0.04,3.38,-0.61,-1.22,-0.833,0.267,0.461,0.01,-0.71,-0.03
500,-0.905,-0.399,0.022,-0.0,-2.08,1.92,-0.786,0.259,0.424,-5.57,-5.32,-0.47
550,-0.903,-0.37,-0.005,8.92,-4.6,2.66,-0.457,0.063,0.163,-17.44,-25.46,0.38
600,-0.825,-0.343,-0.032,11.19,-1.43,2.22,-0.042,-0.26,-0.085,-91.7,-92.83,9.77
650,-0.733,-0.389,-0.117,26.49,-6.69,0.75,0.724,0.318,-0.005,-127.79,-180.7,-5.44
700,-0.614,-0.607,0.032,2.0,-2.37,-8.27,0.328,0.956,0.884,-162.8,-249.62,-76.15
750,-0.577,-0.587,0.02,15.74,2.52,-8.68,-0.851,1.444,2.0,-140.09,-249.62,-91.13
800,-0.657,-1.07,0.313,20.15,-0.81,-15.43,-2.0,-0.036,2.0,2.3,-218.1,-71.4
850,-1.02,-0.223,0.293,57.97,-129.63,32.9,-2.0,-2.0,2.0,23.11,-249.62,19.19
900,-1.426,-0.928,0.844,-18.25,-121.56,28.81,-2.0,-2.0,1.67,95.63,-78.09,251.08
950,-1.045,-0.009,0.365,-82.99,-61.63,84.57,0.119,-2.0,-0.047,92.17,-43.76,251.08
1000,-0.949,-0.177,-0.158,-30.7,-8.28,95.04,2.0,-2.0,-0.186,158.12,-47.86,251.08
1050,-0.409,-0.623,0.595,-125.6,-73.46,65.22,2.0,-0.526,0.153,-68.36,119.82,220.07
1100,-0.94,0.054,0.401,-39.91,-51.79,-2.62,2.0,0.678,0.45,9.58,26.2,-11.86
1150,-1.399,0.098,0.7,-33.15,-45.26,21.02,1.601,-0.532,1.433,-43.11,48.65,-220.14
1200,-1.525,0.43,0.48,57.76,0.96,15.51,0.872,-0.785,1.929,-48.3,118.9,-222.23
1250,-1.238,-0.221,0.538,50.4,42.63,-19.48,0.227,-0.971,1.612,154.32,91.61,-248.91
1300,-1.01,-0.13,0.49,10.01,54.38,-47.88,-0.507,-1.056,1.27,155.8,125.59,-248.91
1350,-1.031,-0.237,0.67,5.96,59.11,-38.78,-0.85,-0.232,1.218,161.77,121.05,-215.38
1400,-0.738,-0.164,0.445,-10.12,67.26,-14.2,-0.892,-0.359,0.795,198.7,125.32,-172.51
1450,-0.767,-0.309,0.296,31.57,52.28,-2.97,-1.076,-0.071,0.556,120.91,135.57,-130.03
1500,-0.722,-0.435,0.231,50.35,38.07,2.02,-0.99,-0.166,0.221,97.42,109.05,-93.58
1550,-0.837,-0.442,0.242,44.35,31.76,-1.23,-0.947,-0.091,0.114,65.24,67.03,-31.07
1600,-0.769,-0.453,0.202,33.74,26.18,-10.95,-0.894,0.179,0.323,47.89,41.73,-3.97
1650,-0.821,-0.543,0.158,21.03,15.46,-16.22,-0.831,0.222,0.292,35.5,26.5,3.34
1700,-0.902,-0.483,0.1,-0.45,4.78,-8.04,-0.766,0.229,0.377,14.34,9.5,-4.73
1750,-0.97,-0.45,0.12,6.25,4.09,-0.6,-0.804,0.291,0.421,-1.97,4.02,-8.25
1800,-0.98,-0.411,0.156,-0.95,6.9,-0.62,-0.839,0.29,0.526,7.15,-0.02,-8.76
-1,0,0,0,0,0,0,0,0,0,0,0,0
0,-0.946,-0.338,0.096,-1.35,-0.46,0.31,-0.849,0.234,0.502,-2.06,-0.44,-0.52
50,-0.973,-0.322,0.106,1.44,-0.84,1.04,-0.859,0.229,0.521,-1.03,-0.19,-0.39
100,-0.959,-0.328,0.107,-0.24,0.75,0.78,-0.859,0.24,0.512,-0.83,0.64,1.09
150,-0.953,-0.337,0.098,1.78,0.37,-0.16,-0.855,0.244,0.509,-0.02,0.8,-1.07
200,-0.958,-0.331,0.102,1.02,-1.01,0.82,-0.854,0.225,0.501,0.04,-0.35,-0.2
250,-0.953,-0.323,0.102,2.77,-0.42,0.97,-0.859,0.239,0.509,0.46,-0.87,0.51
300,-0.958,-0.337,0.107,0.97,-0.16,1.1,-0.849,0.218,0.503,0.82,-1.61,0.05
350,-0.962,-0.328,0.103,2.06,-0.19,0.91,-0.843,0.227,0.5,-1.67,-1.0,-0.05
400,-0.939,-0.329,0.087,1.96,-0.55,1.55,-0.793,0.187,0.449,-1.83,-4.16,-0.63
450,-0.955,-0.285,0.085,6.5,-3.88,-1.28,-0.272,-0.313,-0.066,-56.77,-47.46,15.76
500,-0.895,-0.327,0.063,3.69,2.64,-2.08,0.855,-0.248,-0.429,-186.03,-164.46,13.5
550,-0.768,-0.408,-0.086,11.53,8.0,-0.37,0.995,0.695,0.441,-185.63,-249.62,-41.87
600,-0.633,-0.714,-0.005,-12.78,9.83,-16.09,0.482,0.687,2.0,-240.88,-249.62,-122.98
650,-0.57,-0.196,-0.279,30.85,-28.68,-16.92,-1.466,0.165,2.0,-219.54,-222.42,-189.44
700,-0.786,-0.938,0.411,106.69,-52.0,-64.14,-2.0,-2.0,2.0,68.73,-222.88,-122.58
750,-1.227,-0.402,0.648,-62.0,-83.35,23.16,-2.0,-2.0,1.523,228.53,-129.21,251.08
800,-1.285,0.008,0.297,-6.3,-27.97,60.83,-1.184,-2.0,-1.151,246.89,-53.41,251.08
850,-1.205,-0.149,0.099,3.55,9.89,74.52,2.0,-2.0,-1.369,225.3,-134.35,251.08
900,-0.117,-0.658,0.115,-129.38,-72.7,67.17,2.0,-1.646,0.146,94.72,73.87,198.07
950,-0.861,-0.19,0.515,-41.57,-66.77,23.71,2.0,0.3,0.459,-57.92,118.55,94.39
1000,-1.381,-0.084,0.579,-1.47,-33.25,1.58,1.526,0.236,0.877,77.76,28.6,-106.86
1050,-1.266,0.129,0.702,-16.04,-6.97,13.39,0.512,-0.632,1.455,-93.45,98.65,-182.1
1100,-1.163,0.185,0.422,26.14,22.04,17.34,0.312,-0.668,1.508,57.13,80.01,-171.3
1150,-1.154,-0.193,0.421,29.48,30.21,-11.87,-0.172,-0.244,1.69,87.75,69.16,-162.21
1200,-0.987,-0.158,0.43,-2.01,37.57,-25.68,-0.345,-0.399,1.329,115.27,104.83,-184.45
1250,-0.99,-0.143,0.468,-11.48,29.14,-26.03,-0.462,0.174,1.23,162.02,118.61,-184.86
1300,-0.839,-0.195,0.333,-18.58,37.36,-22.58,-0.622,-0.092,0.716,140.44,112.01,-137.28
1351,-0.867,-0.328,0.224,20.27,24.61,-15.94,-0.759,0.004,0.508,127.16,98.85,-146.67
1401,-0.886,-0.33,0.195,28.28,26.52,-11.53,-0.798,0.041,0.388,101.48,78.33,-97.55
-1,0,0,0,0,0,0,0,0,0,0,0,0
