0,-0.957,-0.331,0.145,92.34,-24.06,3.13,-0.824,0.272,0.55,93.21,-8.02,14.98
50,-0.961,-0.318,0.139,90.43,-23.21,4.65,-0.821,0.274,0.56,94.29,-8.58,15.38
100,-0.955,-0.308,0.136,91.99,-22.92,4.59,-0.818,0.281,0.573,94.09,-7.85,15.1
150,-0.944,-0.329,0.151,89.28,-23.99,3.72,-0.814,0.272,0.564,93.73,-7.31,14.76
200,-0.955,-0.294,0.125,91.92,-25.31,2.58,-0.807,0.296,0.556,95.21,-7.33,15.4
250,-0.955,-0.34,0.136,90.62,-26.24,2.33,-0.821,0.281,0.561,92.44,-8.44,13.2
300,-0.979,-0.313,0.149,87.93,-26.38,2.73,-0.801,0.292,0.568,93.51,-8.27,14.9
350,-0.978,-0.324,0.146,93.78,-23.42,3.91,-0.82,0.304,0.565,96.62,-9.33,13.72
400,-0.964,-0.309,0.125,90.63,-22.07,3.07,-0.81,0.311,0.594,96.82,-9.57,11.93
450,-0.976,-0.291,0.101,93.21,-22.6,1.98,-0.743,0.332,0.585,98.85,-8.94,11.21
500,-0.981,-0.307,0.096,96.13,-25.24,-1.41,-0.429,0.433,0.478,97.78,-27.08,4.57
550,-1.021,-0.349,0.059,95.3,-27.99,-9.82,0.418,0.597,0.208,89.88,-96.14,-41.04
600,-1.004,-0.396,0.03,87.63,-22.16,-17.63,1.02,-0.254,-0.206,-17.52,-178.52,-119.28
650,-0.937,-0.402,-0.018,89.14,-10.94,-33.82,1.203,-0.582,-0.094,-158.44,-256.63,-210.56
700,-0.913,-0.514,0.153,54.15,1.78,-71.82,0.507,-1.654,-0.018,-158.44,-239.28,-235.5
750,-0.421,-0.381,0.561,7.51,-27.02,-90.55,-2.0,-2.0,-0.708,-158.44,-256.63,-62.68
800,0.353,-0.537,0.468,122.06,-151.38,-101.03,-2.0,-2.0,2.0,-158.44,-136.71,172.11
850,-0.547,-1.922,1.16,37.69,-275.58,-44.01,-2.0,-2.0,2.0,316.66,-256.63,264.49
900,-1.909,-1.029,0.624,-124.87,-195.87,-32.47,2.0,-2.0,1.406,174.05,199.95,264.49
950,-0.971,-0.454,0.239,-127.99,-92.71,45.65,2.0,-0.56,-1.326,201.94,114.91,264.49
1000,-0.69,0.374,-0.359,71.69,-43.37,41.21,1.232,-1.206,-0.06,34.44,145.67,-79.07
1050,-0.612,-0.701,0.252,167.71,-61.31,24.95,0.015,1.065,0.228,79.68,45.29,-127.39
1100,-0.697,-0.512,0.429,73.56,-53.34,14.9,-1.349,-0.892,0.259,86.03,-40.33,-116.45
1150,-0.973,-0.447,0.337,132.21,-10.93,12.47,-1.139,-0.016,0.507,70.2,-64.94,-55.56
1200,-0.822,-0.705,0.421,103.4,-6.02,17.75,-1.093,-0.1,0.539,93.85,-71.29,-58.72
1250,-0.802,-0.487,0.35,116.04,-5.04,13.11,-0.957,-0.032,0.483,79.31,-57.05,-91.95
1300,-0.844,-0.7,0.485,147.17,3.9,-0.38,-1.203,-0.53,0.385,84.07,-57.47,-103.05
1350,-0.667,-0.702,0.505,124.36,13.33,-1.52,-1.28,-0.351,0.502,111.62,-50.87,-61.44
1400,-0.786,-0.586,0.505,133.3,19.23,6.52,-1.363,0.021,0.742,152.63,-38.15,-33.42
1450,-0.701,-0.64,0.508,136.52,25.58,17.07,-1.224,-0.345,0.557,164.93,-26.69,-14.4
1500,-0.706,-0.653,0.465,120.8,18.32,29.56,-1.024,-0.275,0.619,239.51,-21.94,-5.42
1550,-0.748,-0.491,0.347,124.61,14.05,42.63,-0.96,-0.362,0.46,218.13,-19.93,3.25
1600,-0.832,-0.55,0.368,147.09,15.58,39.28,-0.939,-0.178,0.515,239.39,-19.37,26.54
-1,0,0,0,0,0,0,0,0,0,0,0,0
0,-0.94,-0.38,0.19,89.89,-22.99,4.15,-0.849,0.291,0.519,94.04,-7.66,13.51
50,-0.939,-0.359,0.178,92.34,-22.4,4.63,-0.839,0.298,0.525,96.26,-7.06,13.61
100,-0.921,-0.367,0.177,90.53,-22.39,2.78,-0.84,0.286,0.522,95.01,-4.77,13.57
150,-0.926,-0.359,0.152,92.75,-23.87,1.24,-0.783,0.301,0.511,91.6,-6.46,13.53
200,-0.933,-0.362,0.123,92.29,-27.85,0.82,-0.38,0.533,0.45,82.0,-30.38,13.19
250,-1.029,-0.294,0.1,102.41,-30.38,-2.98,0.733,0.452,-0.016,42.13,-114.51,-46.43
300,-0.961,-0.347,0.055,100.29,-18.24,-16.6,1.673,-0.308,-0.325,-158.44,-188.57,-170.22
350,-0.786,-0.403,-0.009,97.61,-0.76,-42.67,1.677,-0.445,-0.136,-158.44,-227.36,-235.5
400,-0.813,-0.826,0.64,70.58,-18.5,-80.79,0.658,-2.0,-0.462,-158.44,-198.65,-235.5
450,-0.155,-0.417,0.324,42.06,-107.22,-104.05,-2.0,-2.0,-1.047,-158.44,-162.46,-235.5
500,0.01,-1.492,1.313,72.07,-264.11,-83.95,-2.0,-2.0,1.028,124.07,-256.63,264.49
550,-1.381,-0.339,0.978,-26.17,-274.2,17.65,-1.55,-2.0,2.0,312.06,25.85,264.49
600,-1.376,-0.994,0.17,44.32,-100.82,68.46,2.0,-2.0,0.947,111.88,243.36,264.49
650,-0.631,-0.187,-0.026,-87.4,-56.41,101.2,2.0,0.255,-2.0,90.31,-98.52,185.75
700,-0.562,0.186,-0.027,103.88,-9.99,16.68,0.539,-0.695,1.37,-74.78,3.37,-235.5
750,-0.742,-0.475,0.03,138.49,-47.8,10.56,-1.375,-1.09,0.517,-41.22,22.46,-235.5
800,-1.079,-0.273,0.29,149.47,-35.17,19.2,-2.0,-1.61,0.74,101.51,-79.69,-150.43
850,-1.073,-0.655,0.667,170.63,2.42,-0.52,-1.683,-0.862,0.627,51.11,-41.88,-78.76
900,-0.879,-0.515,0.643,98.2,23.85,-7.46,-1.335,-0.771,0.491,53.01,-23.94,-48.82
950,-0.739,-0.448,0.64,117.71,25.75,-12.57,-1.236,-0.124,0.624,100.21,-17.65,-14.68
1000,-0.689,-0.467,0.575,141.59,29.28,-11.85,-1.14,-0.502,0.261,109.89,-6.19,-3.05
1050,-0.676,-0.634,0.623,153.68,32.6,-14.96,-0.913,-0.062,0.491,181.24,-23.98,16.66
1100,-0.696,-0.554,0.53,129.21,28.49,-4.21,-0.98,-0.508,0.403,187.75,-13.35,24.27
1150,-0.695,-0.618,0.5,139.32,25.85,2.17,-0.959,-0.251,0.497,230.86,-6.35,18.28
1200,-0.784,-0.573,0.473,117.75,27.36,10.73,-0.869,-0.321,0.579,256.54,-5.02,33.43
1250,-0.791,-0.5,0.424,105.01,19.25,18.29,-0.978,-0.354,0.548,270.8,-6.46,21.93
1300,-0.81,-0.456,0.363,93.04,14.07,17.59,-0.938,-0.327,0.542,270.63,-9.81,41.46
1350,-0.836,-0.442,0.324,93.29,10.22,19.18,-0.974,-0.312,0.535,258.35,-10.07,50.31
1400,-0.843,-0.422,0.28,95.37,5.32,20.2,-0.915,-0.215,0.549,241.32,-3.99,54.61
1450,-0.885,-0.469,0.277,99.18,0.96,19.17,-0.935,-0.099,0.521,250.21,-1.28,48.08
1500,-0.869,-0.547,0.312,85.48,-1.95,19.65,-0.858,0.003,0.505,236.07,-3.79,36.82
1550,-0.863,-0.443,0.256,78.73,-4.24,22.93,-0.802,0.128,0.467,263.46,-6.77,17.0
-1,0,0,0,0,0,0,0,0,0,0,0,0
0,-0.953,-0.325,0.133,90.14,-23.9,3.57,-0.848,0.345,0.426,95.63,-9.24,15.9
50,-0.962,-0.34,0.134,91.77,-23.87,3.07,-0.869,0.344,0.441,93.88,-8.42,13.7
100,-0.961,-0.338,0.126,90.31,-24.42,3.62,-0.849,0.345,0.419,94.59,-7.17,13.89
150,-0.946,-0.328,0.121,91.17,-24.22,3.98,-0.846,0.375,0.423,96.44,-8.49,12.67
200,-0.959,-0.307,0.107,92.38,-23.22,5.01,-0.731,0.45,0.443,101.76,-16.02,10.72
250,-0.969,-0.333,0.101,94.42,-23.93,3.19,-0.482,0.606,0.513,110.27,-33.63,-15.91
300,-1.053,-0.259,-0.045,102.86,-26.54,-5.74,0.112,0.487,0.325,55.72,-71.7,-66.13
350,-1.076,-0.332,-0.03,105.98,-29.78,-21.86,1.406,0.074,-0.26,-53.87,-161.29,-121.18
400,-0.785,-0.279,-0.099,85.35,-14.06,-45.39,2.0,-0.395,-0.315,-158.44,-256.63,-235.5
450,-0.724,-0.338,0.221,83.8,11.87,-79.39,1.129,-1.631,-0.06,-158.44,-256.63,-235.5
500,-0.406,-0.82,1.076,46.42,-24.37,-99.94,-1.56,-2.0,-1.124,-158.44,-213.04,-235.5
550,0.131,-1.058,0.654,52.91,-146.3,-103.65,-2.0,-2.0,-0.253,-158.44,-180.04,-197.47
600,-0.653,-0.894,0.792,63.4,-275.58,-41.69,-2.0,-2.0,1.815,280.65,-256.63,264.49
650,-1.793,-1.435,0.995,-66.86,-257.17,14.4,0.912,-2.0,2.0,210.19,85.03,264.49
700,-1.464,-0.264,-0.083,-129.98,-99.79,85.79,2.0,-2.0,0.43,202.54,243.36,264.49
750,-0.688,0.023,-0.477,6.6,-47.22,82.65,2.0,-0.145,-1.042,133.16,-3.79,124.06
800,-0.564,0.079,-0.145,143.39,-33.28,-0.85,1.039,-0.199,0.935,30.18,56.49,-198.42
850,-0.561,-0.459,0.414,136.65,-35.29,-6.66,-0.453,-0.851,-0.094,67.9,12.18,-235.5
900,-0.843,-0.273,0.273,147.03,-10.21,8.44,-1.716,-1.23,0.432,77.63,-90.67,-235.5
950,-1.013,-0.748,0.319,205.59,-0.26,-3.12,-2.0,-1.425,0.611,32.58,-87.42,-202.28
1000,-0.728,-0.734,0.636,115.83,3.0,-22.31,-2.0,-0.684,0.785,76.32,-59.77,-115.42
1050,-0.871,-0.521,0.54,156.2,11.37,-15.97,-1.478,-0.032,0.802,118.69,-56.1,-52.37
1100,-0.734,-0.764,0.713,138.5,21.07,3.2,-1.298,-0.562,0.513,216.29,-53.02,-20.71
1150,-0.768,-0.501,0.572,161.12,36.82,11.57,-1.002,-0.385,0.529,199.24,-22.97,24.39
1200,-0.708,-0.678,0.613,147.8,49.48,20.88,-0.855,-0.416,0.516,281.76,-11.57,8.83
1250,-0.739,-0.523,0.5,129.7,40.39,26.5,-0.954,-0.519,0.523,269.87,4.1,15.7
1300,-0.75,-0.568,0.457,126.58,30.81,28.37,-0.943,-0.582,0.455,212.26,39.82,22.05
1350,-0.753,-0.549,0.425,104.68,24.8,26.66,-0.874,-0.376,0.446,196.78,38.11,46.46
1400,-0.803,-0.424,0.302,107.65,20.88,26.54,-0.86,-0.345,0.45,184.06,29.38,49.91
1450,-0.822,-0.52,0.311,101.19,8.61,24.49,-0.776,-0.236,0.456,188.29,25.38,46.31
-1,0,0,0,0,0,0,0,0,0,0,0,0
